011010110
000100101
010011110
000111111
000111110
001001001
001110000
001110001
011101001
110100000
111111111
010011111
000100111
011010101
010011000
001001010
111100100
000111000
101101010
001111100
001110011
011101010
110100110
111111100
111110011
000100110
011011100
000100001
011010011
011010010
111111010
110111000
000001001
111100111
000111011
010000110
001001100
000001000
001000011
001111111
001111110
011101100
011100011
110101110
110101111
010010001
010010000
010101011
000100000
011010000
110111011
010000101
010000100
111100001
010110101
001001111
000001011
001111001
001111000
011101111
110100011
110101100
010011101
111111001
111111000
010010011
000101100
010101000
000100011
001011000
001100111
101101100
101100011
000000011
110110010
000001100
000110101
000001101
000110100
001000111
001000110
000000010
110111101
010010101
111110101
010010100
100101011
001011011
001100100
101100001
101100000
110111110
000110110
001000001
001000000
000001110
010010111
010010110
001010010
001010011
001011101
000011010
110100101
000000111
101101001
000110000
000110001
110110111
001110101
111110001
101111011
000011011
100101110
111110000
001011110
101101111
000000001
000000000
000110011
000111101
000110010
001000101
110110000
001110110
110110001
001110111
100101000
111110110
000011001
001010111
100100001
001101001
011001000
010111001
011110001
001101000
101111110
000011111
010100100
001010001
100101101
001101111
000000101
000000100
011001110
100111010
010111010
010111011
010001010
110110100
011110111
001101110
101111000
000010010
100100010
000011100
100100100
001100011
001101101
100100101
101100110
100111001
011110100
000010000
001100010
101110001
000010001
001010100
100100111
100100110
001100001
101100101
011001011
100111111
100111110
101110010
000010111
101111101
000010110
011011001
011111011
001111010
111101101
010110110
010110111
010000011
100111100
011000111
100110011
010001100
111100010
010000010
001111011
011100110
000010101
101110100
110101010
000101111
000101110
010101110
011011111
011011110
011111000
010110000
010110001
111101110
100110000
010000000
011000100
011100000
110101001
101110111
010100010
010101101
000101001
010011011
010011010
011111110
011000010
010110010
010111100
010110011
100110111
010001001
111101000
011001101
100110110
011000011
011001100
000101010
010100001
000101011
011110010
011100101
010111110
010111111
100110101
111101011
010001111
011000001
010001110
011111101
001101011
011011010
010100111
