000100101
000111111
000111110
001110000
001110001
011101001
110100000
111111111
000100111
111001010
111100100
000111000
101101010
001111100
001110011
011101010
110100110
111111100
111110011
000100110
000100001
011010011
111111010
110111000
111100111
000111011
001111111
001111110
011101100
011100011
110101110
110101111
010101011
000100000
110111011
111100001
010110101
001111001
001111000
011101111
111001111
110100011
110101100
111111001
111111000
000101100
010101000
000100011
001100111
101101100
101100011
110110010
000110101
000110100
110111101
111000011
111000010
111110101
111001100
100101011
001100100
111011011
101100001
101100000
110111110
000110110
110100101
111011000
101101001
000110000
000110001
110110111
001110101
111110001
101111011
100101110
111110000
111011111
101101111
000110011
000111101
000110010
110110000
001110110
110110001
001110111
100101000
111110110
100100001
111010011
001101001
010111001
011110001
001101000
101111110
010100100
100101101
001101111
011001110
100111010
010111010
010111011
110110100
011110111
001101110
101111000
100100010
100100100
001100011
111010111
001101101
100100101
101100110
100111001
011110100
001100010
101110001
100100111
100100110
001100001
101100101
011001011
100111111
100111110
101110010
101111101
011011001
011111011
001111010
111101101
010110110
010110111
100111100
100110011
111100010
001111011
011100110
101110100
110101010
000101111
000101110
010101110
011011111
011111000
010110000
010110001
111101110
100110000
011100000
110101001
101110111
010100010
010101101
000101001
011111110
011000010
010110010
010111100
010110011
100110111
111101000
011001101
100110110
011000011
011001100
000101010
010100001
000101011
011110010
011100101
010111110
010111111
100110101
111101011
011111101
001101011
011011010
010100111
