011010110
000100101
010011110
101011100
101010011
100000000
011101001
110100000
111111111
010011111
100011011
000100111
011010101
010011000
101011111
111100100
100000110
101000101
101101010
101000100
011101010
110100110
111111100
111110011
000100110
100011000
011011100
000100001
011010011
011010010
111111010
101011001
110111000
111100111
100001111
101000111
011101100
011100011
110101110
111001001
110101111
010010001
010010000
110010101
110010100
010101011
000100000
011010000
101011010
110111011
111100001
100000011
100001100
100001101
101000001
011101111
110100011
110101100
010011101
111111001
111111000
010010011
000101100
110010110
010101000
000100011
001011000
001100111
101101100
101100011
110110010
100001010
101000011
101001101
110111101
101000010
010010101
111110101
010010100
100101011
110010001
110010000
110011100
001011011
001100100
111011011
101100001
101100000
110111110
100001001
111000000
101001110
010010111
010010110
110010011
110010010
110011110
110011111
001010010
001010011
001011101
000011010
110100101
111011000
101101001
110000100
110110111
101001000
111000110
111110001
101111011
000011011
100101110
111110000
110011001
001011110
111011111
111011110
101101111
110000111
110110000
111000101
110110001
101001011
100101000
111110110
000011001
001010111
111011100
100100001
111010010
111011101
111010011
001101001
110000001
001101000
101111110
000011111
010100100
110011010
001010001
100101101
111010001
001101111
100111010
110000010
110001101
110110100
001101110
101111000
000010010
100100010
000011100
100100100
001100011
111010111
001101101
100100101
111010110
101100110
110001110
100111001
000010000
001100010
101110001
000010001
100010100
001010100
100100111
100100110
111010100
001100001
101100101
110001000
100111111
100111110
101110010
000010111
101111101
000010110
011011001
111101101
110001011
100111100
100110011
111100010
011100110
000010101
101110100
110101010
100010001
000101111
000101110
010101110
011011111
011011110
101010101
111101110
100110000
011100000
110101001
101110111
010100010
010101101
100010111
000101001
101010111
010011011
010011010
101010110
100110111
111101000
100110110
100000101
000101010
010100001
000101011
100011110
101010001
101010000
011100101
100110101
111101011
001101011
100010011
100011101
011011010
010100111
100010010
