101011100
101010011
100000000
110100000
111111111
100011011
101011111
111100100
100000110
101000101
101101010
101000100
110100110
111111100
111110011
100011000
111111010
101011001
110111000
111100111
100001111
101000111
110101110
111001001
110101111
110010101
110010100
101011010
110111011
111100001
100000011
100001100
100001101
101000001
110100011
110101100
111111001
111111000
110010110
101101100
101100011
110110010
100001010
101000011
101001101
110111101
101000010
111110101
100101011
110010001
110010000
110011100
101100001
101100000
110111110
100001001
111000000
101001110
110010011
110010010
110011110
110011111
110100101
101101001
110000100
110110111
101001000
111000110
111110001
101111011
100101110
111110000
110011001
111011110
101101111
110000111
110110000
111000101
110110001
101001011
100101000
111110110
111011100
100100001
111010010
111011101
110000001
101111110
110011010
100101101
111010001
100111010
110000010
110001101
110110100
101111000
100100010
100100100
100100101
111010110
101100110
110001110
100111001
101110001
100010100
100100111
100100110
111010100
101100101
110001000
100111111
100111110
101110010
101111101
110001011
100111100
100110011
101110100
110101010
100010001
101010101
100110000
110101001
101110111
100010111
101010111
101010110
100110111
111101000
100110110
100000101
100011110
101010001
101010000
100110101
100010011
100011101
100010010
