011010110
010011110
101011100
101010011
100000000
001110000
001110001
011101001
110100000
111111111
010011111
100011011
011010101
101011111
111100100
000111000
100000110
101000101
101101010
001110011
101000100
011101010
110100110
111111100
111110011
100011000
011011100
000100001
111111010
101011001
110111000
111100111
000111011
100001111
010000110
001001100
101000111
011100011
110101110
111001001
110101111
110010101
110010100
010101011
000100000
101011010
110111011
010000101
010000100
111100001
100000011
100001100
100001101
001001111
001111001
001111000
101000001
111001111
110100011
110101100
010011101
111111001
111111000
110010110
010101000
000100011
101101100
101100011
110110010
000001100
000001101
100001010
001000111
001000110
101000011
101001101
110111101
101000010
010010101
111110101
111001100
010010100
100101011
110010001
110010000
110011100
101100001
101100000
110111110
100001001
000001110
111000000
101001110
010010111
010010110
110010011
110010010
110011110
110011111
001011101
110100101
000000111
101101001
000110000
000110001
110000100
110110111
101001000
111000110
111110001
101111011
100101110
111110000
110011001
001011110
111011111
111011110
101101111
000110011
110000111
000110010
001000101
110110000
111000101
110110001
101001011
100101000
111110110
001010111
111011100
100100001
111010010
111011101
001101001
010111001
110000001
011110001
001101000
101111110
000011111
110011010
100101101
111010001
000000101
000000100
011001110
100111010
010111010
010111011
110000010
110001101
110110100
101111000
100100010
000011100
100100100
001100011
111010111
100100101
111010110
101100110
110001110
100111001
001100010
101110001
100010100
001010100
100100111
100100110
111010100
001100001
101100101
110001000
100111111
100111110
101110010
000010111
101111101
000010110
011111011
001111010
110001011
100111100
011000111
100110011
010001100
111100010
001111011
000010101
101110100
110101010
100010001
011011111
011011110
101010101
011111000
010110000
010110001
100110000
011000100
011100000
110101001
101110111
010100010
100010111
000101001
101010111
101010110
010110010
010110011
100110111
111101000
011001101
100110110
011001100
100000101
000101010
010100001
000101011
100011110
101010001
101010000
011110010
100110101
111101011
010001111
010001110
001101011
100010011
100011101
100010010
