011010110
010011110
001001001
110100000
111111111
010011111
011010101
010011000
111001010
001001010
111100100
101101010
110100110
111111100
111110011
011011100
011010011
011010010
111111010
110111000
000001001
111100111
010000110
001001100
000001000
001000011
110101110
110101111
010010001
010010000
011010000
110111011
010000101
010000100
111100001
001001111
000001011
111001111
110100011
110101100
010011101
111111001
111111000
010010011
001011000
101101100
101100011
000000011
110110010
000001100
000001101
001000111
001000110
000000010
110111101
111000011
111000010
010010101
111110101
111001100
010010100
100101011
001011011
111011011
101100001
101100000
110111110
001000001
001000000
000001110
010010111
010010110
001010010
001010011
001011101
000011010
110100101
111011000
000000111
101101001
110110111
111110001
101111011
000011011
100101110
111110000
001011110
111011111
101101111
000000001
000000000
001000101
110110000
110110001
100101000
111110110
000011001
001010111
100100001
111010011
011001000
101111110
000011111
001010001
100101101
000000101
000000100
011001110
100111010
010001010
110110100
101111000
000010010
100100010
000011100
100100100
111010111
100100101
101100110
100111001
000010000
101110001
000010001
001010100
100100111
100100110
101100101
011001011
100111111
100111110
101110010
000010111
101111101
000010110
011011001
010000011
100111100
011000111
100110011
010001100
010000010
000010101
101110100
110101010
011011111
011011110
100110000
010000000
011000100
110101001
101110111
010011011
010011010
011000010
100110111
010001001
111101000
011001101
100110110
011000011
011001100
100110101
010001111
011000001
010001110
011011010
