10101110001
10000010001
10000010000
01101010000
10101111101
11011101110
10101110010
11001001000
00010001110
10011011010
01101010011
01101011100
01010000100
01000001110
11001001011
00010000010
00111010000
11011011101
01111100100
01010000101
10110000000
00101001010
10011001001
10110000001
10011001000
01111111001
00010000000
00111010010
00111010011
00111011100
00010000001
11011011110
01111100111
10110000010
00101001001
00001010000
11001000100
10101100000
10000000001
11001011001
00101000101
01000000001
01110001110
01000000010
01000000011
11001000111
10101100011
10101101100
01110001100
10011001011
01110000010
01110000001
10111110101
10111110100
10101111110
01111110101
10110010000
00101011011
01010010101
00101011010
01010010100
10100001010
10000010011
10000011100
00101011000
10110010011
10110011100
01111110110
10110010010
11001011010
10100001001
00101000110
01111101011
11110000110
01000010000
01000010001
01001010100
00000001001
11110011011
00001000000
00001000001
10001001100
00111001110
10001000011
10111001111
00110001010
01101001110
01000011100
01000010011
00000001010
01110010011
11001010101
01111010111
11110011000
01000010010
11110011001
11001010100
11111101010
11000000110
11111101001
11000000111
10010010100
01101000010
11101001111
11011111101
11011110011
11011111100
01110010001
11000011000
01110010000
10000001110
11111010110
11000000100
11000000101
11110000101
00001010011
01101000001
00001011100
00001010010
10011010101
11011110000
10011010100
10000000010
10001000000
00000011000
10010011011
11100010001
11100010000
00000000110
01111111010
01011111110
10110001110
00000011011
11100001110
00110011011
11011111111
11100010011
11100011100
11011111110
00010010011
00010011100
11011100010
11100000010
01011110001
00011010100
01100010001
01100010000
10011011001
11110010100
11110010101
00110001001
10010000100
00001001110
10010000101
00111000001
10011000111
11011101101
00111000000
00010010000
11011100000
01111101000
11100000000
01011111101
10010011000
11100000001
11000010100
11000010101
01100010010
01011110010
10010000110
00001000010
11101011110
10010000111
00001000011
10011000100
11011100001
00111000010
00111000011
10010001010
00011011011
00011011010
01011101001
10001010100
11010010010
11111111000
11010011100
11010010011
11000001010
01100000000
01001001001
00110011000
11111110111
01001011010
11111111011
01001011011
00110000110
00011000101
01011111011
00011000100
11101010111
01100000011
01100001100
11010000001
00011011000
11111110100
00000000101
00000000100
10010001001
00110000100
00011000110
00110000101
11010000000
11101100010
11101101101
00011001010
00011001011
11110001001
00100000010
11110001000
11101101110
11000011011
11000011010
01001011000
00100001110
11110001010
10001000101
11111100111
11000001001
11111100110
01001000110
01011101010
10101001101
11010010001
11111100100
01001000101
00000010100
11111100101
00110010100
00011001000
00100000001
10111010111
00011001001
01011001101
10111110000
00100010011
00100011100
11011001111
11101110011
11101111100
01110011001
10101101010
10100010010
11101111111
01110011010
11101111110
10111111111
10111111110
00101010000
00101010001
10101011111
10100000000
11101100001
10111110011
10111111100
00100010000
10101101001
01010000000
01011011111
10111100001
11010000011
11010000010
11010001110
01001001010
01001001011
10100010001
10111101110
10111101111
01010000011
01010001100
11101110000
10111100010
10111101101
01000001011
11011101000
11001001110
11100000111
00111010101
01111110000
00010001000
01010010001
00111010100
11100011010
11011010111
01010010000
10011000010
10110000100
10110000101
11100000100
10110011001
01111110011
01111111100
10011000001
10110000111
00101000011
00101001100
10011000000
10101110100
10000010101
10000010100
10110011010
01111111111
01110001011
10101110111
01000001000
11011101011
01010010011
01010010010
01101011001
01110001000
00010011010
10011001110
10000011010
10101111011
10110010100
10110010101
01000011010
01000011011
01101011010
10000011001
00101010010
10000000111
10100000011
10100001100
00001010101
11001000001
10101100101
10000000101
10000000100
01000000100
00101000000
01110000111
11001000011
11001000010
10101111000
00010001011
01000011001
11111001101
10101100110
10101100111
01000000111
01110000100
10010010001
01011110100
00001011011
01011110101
10010010000
01101001000
00001011010
11011110111
11011110110
11000011100
11000010010
11000010011
10000001011
00010010101
00001011001
11110000000
10010010010
01011110111
10010010011
11011110101
11011110100
11000010001
11000010000
10000001000
11111011111
00001000111
00111001000
01000010101
10001011000
11100010100
11001010010
11100010101
11001011100
11001010011
00001000100
00111001011
10001000110
11111101111
11100001011
10001011011
11110010010
11110011100
11110010011
11001010001
11001010000
11111101110
00010011001
01101000111
11100001000
00001001010
01011100100
00011010000
00011010001
11011111001
01100010100
10011010010
01110010101
01110010100
10011010011
10011011100
00010000111
11110010000
11110010001
01011100101
00110001100
10010000000
00110000011
00001001011
01111100001
00111000100
11011100111
01111100010
01101000100
01101000101
01011100110
01011100111
00011010010
00011010011
00111011000
10011010000
10011010001
00111011001
00000000000
00010000100
01011111000
10010001100
10010000011
00110000000
00001001000
00111000111
01111101101
10110001000
11011100100
01111101111
01111101110
00111011010
01101010101
00000000011
00000001100
10001001001
10110001011
11100011001
11100011000
11011111010
10001001010
01100000100
01001001100
01100000101
01001000011
01011101111
00110010010
00110011100
11111110010
11111111110
11111111111
10111101011
00011000000
11101011101
01001000010
01100000110
11010000100
01001000000
00000010001
00110010001
00011000010
11111110001
11111110000
01100011000
10111011101
10111101000
00011001100
00011000011
00000010010
00000010011
11010000111
01011100000
11010011010
01100011011
10111011110
00100001000
11010000110
01011100011
01011101100
01111001111
11010011000
01011010111
11010011001
01011010110
00100001011
11000000011
11111100011
11000001100
11111101100
10001010010
11010010100
11010010101
01100001001
11000000000
11000000001
11111100000
11101101000
11110001100
11110000011
00100011001
01110011100
01001010001
00100000111
01111011110
01100001010
11101101011
00100011010
01101001011
10001010001
01001010010
01001010011
11111111101
01111011101
01010001010
00101010100
10100000101
11101100100
01010001001
10111110110
10101010110
00100000100
11101100111
10100011011
11101111001
10101101111
10111100100
10100011000
10100011001
11101111010
10100000110
10111111010
10100010100
01010011011
00100010101
01010000110
10111111001
00100010100
11101110101
01010011000
10111100111
11101110110
11010001000
11010001001
11010001011
