00001100001
11111001011
00001100000
11000100100
11110111010
11011101110
11001001000
00010001110
11111001000
00001100011
00001101100
00001100010
11011010001
11011010000
00100111000
00011110100
00011110101
11001001011
00010000010
00001101111
00111010000
00111100011
00111101100
11011011101
00010001101
11011010010
11011011100
11011010011
00100111011
00011110110
00101001010
00011110111
11000110110
11110101000
00111101110
00010000000
00111010010
00111010011
00111011100
00010000001
00111101111
11011011110
00101001001
00001010000
11001000100
10101100000
11001011001
00100110100
00101000101
11001000111
11111000111
00100110111
00101011011
00101011010
00100100110
11111011001
11000111010
11110100100
00011111001
00011111011
00011111010
11000111001
00100100101
11110111001
00101011000
00100100100
11000100111
11001011010
11110100111
11111011010
00101000110
11110000110
00000001001
11110011011
11001010111
11001010110
00001000000
11010111111
00001000001
11010111110
11001101001
00111001110
00111001111
11001101010
00110001010
00000001010
11001010101
11110011000
11110011001
11001010100
11111101010
11000000110
11111101001
11000000111
11010110001
00001011111
00001011110
11000101011
11101001111
11011111101
11011110011
11011111100
11111000100
11000011000
11111010110
11010110000
11000000100
11000000101
11110000101
00001010011
00001011100
11010111101
00001010010
11000101000
11011110000
11010111100
11010110010
11010110011
00000011000
11110101011
11110101010
11101000001
11010101111
11101000000
00111011111
11100010001
11100010000
00000000110
00000011011
00010011111
11100001110
00110011011
11101001100
11101000011
11011111111
11100010011
11100011100
11011111110
11110010110
11110010111
11111010101
00010010011
00010011100
11100000010
11100001101
11010100001
00011010100
11000010111
11100011111
11110010100
11110010101
00110001001
00001001110
00111000001
11011101101
00111000000
00010010000
11100000000
11100000001
11010100011
00011010110
11010101100
00011010111
11010100010
11000010100
11000010101
00001000010
11101011110
00001000011
00001001101
00111001101
00111000010
00111000011
00101110110
00000010111
00011011011
11001110111
11010011110
11010011111
00011011010
00101110101
11010010010
11111111000
11010011100
11010010011
00010110111
00000101110
11000001010
00110011000
11010101010
11111110111
11111111011
00110000110
00011000101
00011000100
11101010111
11010000001
00010100101
00011011000
11001110100
11111110100
00000000101
00000000100
00010100100
00110000100
00011000110
00110000101
11101010100
11010000000
11101101101
00101111001
00011001010
00011001011
11110001001
00010111011
11001111000
00101100111
00011101011
00100001101
00010100110
00100000010
11110001000
11001100110
11101101110
00010111000
11001111011
11000011011
11000011010
00011101001
00101100100
00101100101
00011101000
00100001110
11110001010
11111100111
11000001001
11111100110
00110010111
00110010110
11010010001
11111100100
00000010100
11111100101
00110010100
00011001000
00100000001
11001100101
00011001001
00100010011
00100011100
11011001111
11101110011
11101111100
00101101000
00101101001
00000110000
11100100000
00110111111
00111110001
00100011111
11011001100
11011000011
11101111111
00011100111
11101111110
00011100110
00100101010
00000110011
00000111100
00110110011
00110111100
00101010000
11110110100
11011000000
11011000001
11110110101
00100101001
00011100100
00011100101
00101010001
11100101111
00110110000
00101111010
00100010000
11110110110
11100101100
11100100011
11000110101
11000110100
11010001101
11100110001
00110101101
00110101100
00110100010
00001110010
00001111100
11010000011
00001111101
11010000010
00110101110
00111100000
00001110001
11010001110
00111110010
00111111101
00000101101
11100111110
11100111111
00010110100
00000111111
00010110101
00000101100
00000100010
00111111110
00000100001
11100110010
11100111101
11101110000
00110100001
00101101011
00000100000
00001111110
00001111111
11011101000
11000111111
11110100000
11001001110
11100000111
00111010101
00010001000
00111101000
00111010100
00111101001
11100011010
11011010111
00100111110
00100111111
11110100001
00101001111
00001111010
11000110011
11000111100
11110100010
11100000100
00111101010
00111010110
11110101101
00001111011
00101000011
00101001100
11000110001
11000110000
11110101110
11011101011
00001101001
00001101000
00011110000
00010011010
00011110001
00011110010
11100101010
11010110100
11010110101
11000101110
00101011110
11110110000
11011000101
00100100011
00100101100
11111000000
11111000001
00001101010
00001101011
00110110101
00110110100
00011111101
00011110011
00011111100
00011111110
00001010110
11010110111
00001010111
11110110011
00101010010
11110111100
00100100000
11000100010
00101011101
11000101101
11001011111
11100101001
11010110110
00011111111
00001010101
11001000001
11110111111
11000100000
11111001110
10101100101
11000100001
00100110001
00101000000
11001001101
11001000011
11001000010
00010001011
11111000010
11111001101
10101100110
11011010100
00100111101
00100110010
00010010111
00010010110
00001011011
00001011010
11010100100
11011110111
11011110110
11101001010
11000011101
11000011100
11000010010
11000010011
00010101000
11010100101
00010101001
11111010011
11111011100
11111010010
00010010101
00001011001
11110000000
11010100110
11010100111
11011110101
11011110100
11000010001
11000010000
00010101010
11111011111
00001000111
11010111000
00111001000
11100010100
11001010010
11110011110
11100010101
11001011100
11001010011
00001000100
11001100011
11001101100
00111001011
11111101111
11100001011
11101001001
11000011110
11100010110
11110010010
11110011100
11110010011
11110011101
11001010001
11001010000
11111010000
11001101111
11111101110
00010011001
11100001000
00001001010
01011100100
00011010000
00011010001
11011111001
00010000111
11110010000
11110010001
01011100101
00110001100
00110000011
00001001011
00111000100
11011100111
01011100110
00011010010
00011010011
11010101001
11010101000
00011011101
00111011000
00111011001
00000000000
00010000100
00110000000
00001001000
11101011011
00111000111
00111011010
11101000101
00000000011
00000001100
11010111011
11101011000
11101000110
11100011001
11100011000
00000001111
11011111010
00110001111
00110011101
00110010010
00110011100
00010110000
11111110010
11111111110
11111111111
00010110001
00000101001
00000101000
00011000000
11101010010
11101011101
11010000100
00000010001
00110010001
00011000010
11001110001
11111110001
11111110000
00011001100
00011000011
11101010001
00000010010
00000010011
11010000111
00000011101
01011100000
00011011110
00010111110
11100110100
11010011010
00110101000
00100001000
11010000110
00000011110
00110011110
00010110010
00010111100
11010011000
00110101010
11010011001
01011010110
00110101011
00100001011
00010111101
00000101011
11000000011
11111100011
11000001100
11111101100
11010010100
11010010101
11000000000
11000000001
11111100000
00101111111
00010100000
11001100000
11101101000
00101110011
00101111100
11110001100
11110000011
00100011001
11001111101
11001110010
00011101111
00011101110
00100000111
00010100011
00010101100
00011001111
11101101011
11000001111
00101110000
00100011010
11110001111
11001111110
00011101101
00011101100
00011100010
11010010110
11010010111
11111111101
00010101111
00111110111
11100111011
00011100001
00101010100
00011100000
11100111000
00110100101
00110100100
00101101110
10101010110
00100000100
11100100110
11101100111
00100010110
11101111001
00101101101
00101100010
00000110101
00001110111
00111110101
00111110100
11011000110
11011000111
00100101111
11101111010
00101010111
00101100001
00101100000
00000110110
00001110100
00110110110
00111111000
00000100111
00000111010
00000111011
00111100110
11011011000
11011011001
00000100110
00100010101
00111111011
00000100101
00100010100
00000100100
11101110101
11100110111
11011011011
00110111010
11101110110
00110100111
00001100101
00110100110
11011001010
11011001011
11100100101
00001111000
11010001000
11010001001
11011001001
00001100110
00111100101
00111100100
00000111001
00110111001
11010001011
