1011011101111
0111001110010
0010110011101
0000010001111
0100000011101
1100101111101
1011110100110
1111001111100
1001001110101
0010000101110
0110011111100
1011100011110
1000111101100
1100101111111
1101000100110
0111010011110
1000101001001
0111111101100
1010101111100
0010000101101
1010000100010
1101011101101
0100110011101
0000100110110
1001010000100
0000010001100
0100000011110
1111101010110
1101011101111
1000111011101
0100110011111
0110001100110
0100000101100
0000111010010
1110101001101
1011110010110
0001110000010
0100110101111
0100110000010
1010110100010
0110100010010
1000001110011
1001100110001
0010000011101
1000100010101
0111100100110
1000000001011
0111010101101
0001101101100
0001101101101
1011011101101
1111111111110
0010000011110
0101011111101
1011100000010
0010110011110
1110101001110
0111010101110
1000000001000
1001101010000
0001101101111
0101100010010
1111001111110
0110101011100
0010111001110
1100000111100
0100001001101
1100000111101
0001111010110
0000111001101
1001010001000
0101011001110
1110011101111
0100100000110
1100000111111
0001110011100
1101101100110
1110001110110
0011001010110
0011111010110
0101100100010
1001010001011
1000001000001
0100101011100
0111100010110
0001001100110
0001000011100
0110100001100
1000011100101
0111001101110
1010101010010
0110011100010
1011100101101
0010001001110
0010111001101
1010110001111
1010111000010
0001101000010
0011110000110
1001001111011
1011010111111
0101100111111
0011011111101
0111010110010
0001000101101
0001000101100
1000000000111
1011010111110
1010000001111
1001010110110
0010001001101
1010110001100
0111110111111
0111110111110
0011010101101
1000100011010
0001110101111
1001000100000
1100100010110
0111110111100
1000101000101
1101011011111
1111010001111
1111010001110
1000100011001
0110100001110
0111001101100
1100110111101
1000011101001
0001101011110
0111000111101
0001101011111
1001101100000
0110111010110
1101011000010
0111000111110
1010000010010
1010001011111
0100101000010
1010111011100
1110010111100
1001101100011
1100110100010
0100101011111
0011100001101
0011010101111
0101010011111
1010101001110
0001111001111
0001111001110
0010100111110
1100001101100
0001001001100
0000110011100
1000101110111
0111100001110
1000110010010
0001111001100
0000011011111
0011111110010
1010100100110
0111011010010
0011101011101
1100100101101
0000110011110
1100111101111
0000010111100
0010001100110
0001001001110
1011101100010
0101010011100
1001001001000
0001110101101
1100100101110
0000000011111
1000011010111
1110101100010
0100001111111
1101000001110
0001001010010
0110011000110
0101111101101
0101010000010
0101100111101
1010010000110
1001100000001
1101000001100
0100001111100
0111011100110
1100101001100
0101111101110
1001011011111
0011110000010
0011000000010
0111101111100
0111011001111
1011101001101
1000000100001
1100100110010
0100111001110
0000011101101
0001111010010
1010111101101
0110110101110
0001000110010
0000101110010
1111111001101
0010001010010
1111110100110
0000011101110
0100111001101
1010001101111
1010111101110
1000010110100
1111001001100
1101111110110
0101010100110
1010110111110
1111110000010
1001000010111
0000101101110
0100111111101
0100111111100
1100010011100
0100000110010
1111011110010
1101000010010
1010110111101
0110110101101
0111001010110
1011101001110
1001000010101
0010101101110
1100010011111
1010000111100
1000110111111
1111010111111
0011011000110
1100001000110
0010010100010
1111000011110
1111010111100
1111110011111
1000100101001
1010001110010
1111110011100
1110010001100
1011111000110
0110110110010
1011011011110
0010011111110
1111011101110
1110010001111
1100011011101
1110011011100
0010010111110
1001001000101
1101010111101
1000100100101
0101000000110
0100101110110
0001100110110
1101010111110
1001000011011
0010010111101
0010101110110
1011001000010
1111101011111
0111010000110
0100011000010
0011000110010
1001000001001
1010011000010
0011100000110
1110111011110
1110111011111
0111101010010
1101000111110
1011110111111
1100011001110
1101100000110
0010011001100
1001010101110
0101001000010
0011110111101
1011110111100
1011110111101
1101001001101
1101110101110
1000010011010
0010011001111
1101001001110
1001010011110
1000001101000
1100010111111
0101110100010
1101110101101
0101000101101
1100010100010
0001001111101
1111010010110
0100011011110
1001100110101
0000101011101
0011000101100
0110010001101
1001101000101
1010011011100
0110111001100
0110111001101
0111101001111
0101000101110
1001010000001
1011011100110
1000010011001
0000100101100
0000100101101
0110111001111
1111101101110
0001001111110
0111101001100
0010100001111
1110001010010
1101001010010
1000001100101
0111100110010
0011001001111
1100100000010
1101111011110
1010011011111
1010010110010
1000010010100
1010100011101
0001001100010
1000001011001
0001000010110
1000100010000
1111100101101
1110000111111
1000011100000
0111100101100
1010011101100
1011101111101
0000001000110
1101101111111
1011001101110
0001111101110
0110010010010
1000001011011
1010100011111
0100100011110
1100100011110
0011001101101
1011001101100
1001111101110
1001111101101
1001100111011
1010010011100
1010010011101
1010010101110
0111101101101
1000000000000
0100100011101
1111101101101
0001011110110
1100100011101
0001100001111
0111000110110
1000100010011
0110001000010
1111100101110
1110100000110
0011110011111
1110001111101
1111000110110
0011111011100
1110111110010
1001001100001
0101101111100
0101101111101
1101101111100
0001100001100
0100010101100
0101110111101
1001101111000
1110111101100
1101010001110
1010100000010
1001000111001
1011111100010
1000010111011
1011000101110
1011001110010
1001101111010
0001010100010
1001000111000
0110001011111
1110110101111
0101000110010
0000110001111
0010010001101
0010010001100
0110001011101
0001010111111
0100010101110
1100111111110
1110011110110
1001110110010
1111100110010
1101101010010
0110110000110
0011010011100
0010001100010
0110010111111
0110101111110
0000000101111
1101111110010
0010101001100
1111011011100
1001111000010
1101001111100
0100111010110
0011101101110
0110011001100
1100011111100
1100011111101
1000000101010
1000110000100
1101001111111
0100100101101
1110010101101
0011101101101
0010001111111
1010100110010
0011001110110
1110110000010
0110011001111
1000110000111
1100001011100
0111101110110
0010001111100
0111110011101
1110000001101
1001011110010
1010010011110
1111001000110
1101101001111
1110110011110
1001100000111
0101101010110
1111000101101
1111000101100
0011111100110
1001101110101
1000011010001
1000011010000
0111011101101
0110010111100
0000100000010
0100111100110
1000110001000
1100011100010
0100110100110
0101000011111
1000110001010
0100010011100
0111111011111
1011000011100
1001110011111
1111010100110
1111000000110
0011011000010
0101111010010
0000110111101
1000110001011
0001100111100
0101110001101
1110001001111
1001110011100
1110001001110
1001100001010
0001101111101
0101110001110
1110100110110
1101001100010
0010000111111
0100101101110
0100101101101
1000111110110
0111111011100
1001000010000
1011000011111
1111001101111
0000010100110
0011100101111
1011001011101
1011111010010
1101000010110
0000111111111
1001110000011
0101111001100
1011110001110
1111100011100
1111100011101
1101010110110
1011110001111
1100110001111
1000100100000
0110100111101
1010100101111
1011001011110
1111101000010
0101010010110
1011110001101
1101111101100
1000100100011
1001001010001
0110100111110
0010110101101
0110111110110
1100000000010
0101001011101
0001010001100
1111110010110
0011100110010
1001101001011
0111000001100
0000001101100
0000001101101
0111000001101
0010111101100
1010101101101
0001011001101
0111000001111
1100111001101
1011111001100
1011111001101
1010100101100
0111001001101
1001111011110
0010111101111
1100011010110
0110100100010
0101001011110
1010000110110
0011011101110
0010110010010
0001111110110
0100000010010
0100101111101
1000001100000
1100101110010
0110011110010
1000001100011
0101110100110
1000111100010
1110011111100
0010101111101
0101011011101
0100110010010
1111010000010
0111010001100
1010101110010
0111111100010
1010000101101
1100011000110
0011100011100
1101100001111
1111111101100
1110011111111
0101011101100
1100110011101
0101011011100
1101100001100
1111111101111
0101011101111
1000100110101
1100110011111
1100110011110
1000100110100
0001110001101
1000111111111
1011100001110
0000111011100
1111001101101
1110101000010
0011011011111
1110100111101
1000111111100
1010110101100
0011011011101
1110100111110
0100110001100
0100000001100
1000011110101
1111010011101
1101110110110
0011000100110
1011101110110
1000101101011
0110010000110
0100010110110
0010101100010
0100000001111
0001000001101
0000101000110
0101100011100
0101011110010
1110100100010
1101110000110
0101010111110
1000011111011
1000111001100
1110101011101
1110101011100
0110101010010
1010111001111
1010010010110
1011010110010
1000011111000
1000101010101
1000101010100
0011101001110
1110100001100
1101100100010
1000010100011
0110011101110
0111011110110
0000001011100
0110011101101
1110111100110
0110100000010
1001101110011
0101101100110
1010101011100
1110011100010
0010000001100
1000100000100
1001001100111
1010100000110
0110100011111
1010001001100
0000001011110
1100101101100
1101100111110
0111010111101
0010011010110
0000111011111
1011011111100
0011011110010
0110000001110
1010101011111
0010000001111
0011010111110
0010001000010
0010110001110
1001111100110
0000011010110
0011010100010
0110101001101
1101100111101
0000010011110
1100000101111
0111110110010
1000001010000
0110000010110
1001100100011
1100110101110
1111011001101
1110100010010
0100011100110
1101101110110
0111111111101
1111011001110
1101011001100
1000101011000
0011101001100
0101100101111
0101100101110
1111011001111
1100110101100
1001000110011
0000010011101
1011111100110
1100111100110
1010000011110
1000101011011
0011000010110
0011011101101
0101111111111
0101111111110
0001100011101
1010111010110
1011010011101
0011111111100
0001110111110
0100001101110
0100001101111
1000011000111
1100111010110
1001000110111
1000110011101
0111110101110
1001001011010
0101001111101
1000100001001
1011101011100
1100001010110
0011101010010
1000100001000
1110010100110
1100001100010
1000011000100
1011101101111
0101001111110
1000110011110
1110011001100
1100010001110
0111011011110
1101101000110
0000011001101
0100111011111
0010101000110
0001011101110
1001110101100
1010001111110
1100010001101
0110110001110
1100110110110
0010100110010
0000101111110
1001110101110
1000010100100
0011001111111
1110101101100
1000110000001
0110000100010
0000000010010
0111100011111
0111100011110
0011110001100
0011001111100
1110101101111
1000110101111
0100001110010
0110010110110
0100111101100
0001000111111
0111101110010
1100101011111
0111110010110
1010011110110
1011100111100
1110000000110
0000011100010
1011101011111
0011000001110
0001000111100
0000101111100
1000111001110
1111011010110
0010100101100
0011111111110
0001001011111
1101101101101
0101010001111
1111011111101
1101111011101
0100111110010
0010011101100
0000010101111
0110111111111
1110010011111
1111110001100
1101000011111
0000100010110
1011011001111
0110000111100
0110000111101
0100110111110
1000101101000
0010011101111
0100000111111
1110010011101
1011001010110
0110110100010
0111111000110
1101000011101
0000011111110
1111000010010
1001101000000
0110100110110
0110001111110
0000111110110
1011000000110
1111001011101
1010111111111
0001100100110
1001001010100
0110001111101
0010110100110
0110110111111
1000000110000
1000000110001
0110111111101
1011010000010
0000011111101
0000001110110
0010011110010
0001010000110
1111011100010
0101101001101
1000011001000
0011101100110
0101101001110
1011011010010
0111001000110
1101010101100
1000100111011
1100011010010
1001000000100
1101011111110
1101010110010
0110101100110
1001001011001
1111010101110
1000011001011
0110111011101
1000101000011
1110111010010
1011000111101
1101011010110
0111101011110
0100011001100
0100010111101
0100010111100
1001101010111
1001101101001
1000001111010
0000101001100
1010011001101
0110111011110
0101100000110
0100011001111
1000010001001
1001101010100
0010011000010
0000101001111
1010011001110
0010110010110
0101001001100
0001010011101
0001010101110
1001010010010
1101111001110
0101001001111
1100110000110
0001010011110
0101110101100
1101111001111
1111111110110
1101110111100
0101011000110
1100100001111
0110010000010
1110110111100
0011001011110
1000010000101
0110111000010
0010000000110
1110001011110
0100011010010
1101110111111
1001010100010
0000100100010
1101110010010
0111101000010
1101001011100
0011110101100
0110001101101
0100000100110
0001111111101
0001111111100
1101000110010
0011111001101
1111001100110
1100101110110
1001011001110
1100010101110
1001011001100
1100100001100
1100100001101
0000100111111
0111011111100
0110010011110
1001000101011
0000000001110
1010100010010
0110001001110
1001100100100
1110111111110
0111101111111
0111011111111
0001001101111
1001000101001
1011011110110
1110000110010
1101110001101
1001010111100
0011111101111
0001111100010
1011111101111
1100000110110
0011000011111
0110101000110
0101001100010
0011110010010
0000111000110
0110001001100
0001110010110
0011001011100
1110111111101
1001101100100
1000001000100
0110010101111
0100100001111
0101110110010
1011001111111
0100011111111
0101101101100
1010100001101
1111100111111
1110000101110
1011110101110
1000000010011
1011111101100
1010111000110
0010010011111
1010001010110
0000010000110
0001010101101
1001111111110
0010011011101
0001010101100
0111000101111
1010100001110
1000000010001
1111101111100
1110101010110
1001100101010
0000011010010
1001111111101
1000111010110
0101000111100
1001000100101
1000101000001
0101001110110
1001110111101
1001001110000
0001100011110
1100001111110
1000010101000
1111100111100
0110110011100
0110110011101
1010100111111
1101101011100
0000010110110
1111110101111
0011010010010
0010001101100
1110000011111
1101010011110
1101111111100
0000101110110
1001001000011
1101001110010
1101101011110
0100101001111
0100101001110
1110010111110
1111110101101
0010100100110
1001100011000
1000010110001
0100001010110
1111100001110
1111100001111
1010010001111
1100111011111
1110110001110
1001100011010
1001100011011
1001011010110
1010001100110
0100010001110
0110010101100
1100111011100
1010100111101
1110110001101
0000110000110
0100010001101
1101010011100
1011010101100
1010011111101
0001100101110
1011100110110
1001011111100
1001011111101
1011101000110
0100100010110
1000000111001
1111110110010
1010011111110
0101010101101
1000001001010
1000001001011
1110101100110
1010100010110
0101100110110
1000110100110
1111000100010
0110011011101
1010010001100
0110011011100
1001001101010
1100011101101
1011010101111
1001011111111
0000100001101
1110000011100
1110110010010
0010110111111
0000110110010
0011011001100
0010100011100
0101111011101
0100010010010
0111110001101
1000000110111
1100011101110
1111111000110
0010110111100
1111001010110
1101001101110
0010000110010
1000000110100
0111000011100
0011100100010
0010111111101
0111001011110
0001101110010
0000000111101
1000001110100
0011010001110
1011111011111
0111000011111
0011010001101
0010111111110
0010101011110
0010101011111
1011110011110
1110010010110
1011111011101
0100101100010
0111111001110
0101111000010
0011110110110
0101000001100
0001011011100
0010010100110
0001011011101
1101011100110
1101000101111
0111010010110
1111101001100
1011000001100
1011010000110
0110101101111
0000000111110
1010101111110
0001011011110
0101000001110
1100010000110
1000101110000
0110100101111
1101100011110
1011000001111
1000101110001
0011100111101
0100100111100
0111000000010
0011101111111
0000110101110
1100000001110
0010111100010
0101110011110
0101110011111
1101100011101
1010110110110
0110100101100
0111110001111
0011100111110
0011100111111
0000110101101
1100001001111
1100111000010
0000000100010
0001011000010
