1101000
1001110
1110111
1110110
1010111
1010110
1101001
0111001
1001100
1110101
1110100
1101110
1010001
1010000
0111000
0001000
0100000
0100001
1101100
1001010
0001001
1001001
1001000
1111011
0010000
0010001
1010100
1111010
1010101
1100001
1100000
1000100
1111000
1111001
1011001
1011000
1100110
1111110
1111111
0101001
0101000
1011011
1011010
1100100
0110001
0110000
1000000
1000001
1111100
1111101
0011001
0011000
1011101
1011100
1101010
1110001
1000110
1110000
1011111
1011110
0000000
0000001
