0111111
1101000
1001110
1110111
1110110
0010010
0011100
0010011
1010111
1010110
0100101
0100100
0111110
1000010
1001100
1110101
1110100
1000011
1101110
0100110
0011110
0100111
1101111
0111000
0000100
0001000
1100010
0100000
0010110
0100001
1100011
1101100
1001010
1101101
0111010
0111011
0001010
1001000
1111011
0100011
0101100
0100010
0010000
0010001
1010100
0101101
1111010
1010101
1100001
1100000
0110100
0000010
0110101
1000100
1111000
1111001
0101111
0101110
1011001
1011000
1100111
1100110
0000011
0001100
0001110
0110111
0110110
1111110
1111111
0101000
0010100
1011011
1011010
1100100
1100101
0110001
0110000
1000000
1110011
1000001
1110010
1111100
1111101
0011000
0101011
0101010
1011101
1011100
0000110
0110011
0111100
0111101
1101010
1101011
1000110
1011111
0011010
1011110
0110010
0000000
0000001
