111111110000
100000101110
110111010101
011001000101
100000101111
111101010111
100011000100
111101101011
110101001101
010110101111
110111101000
100100001010
110010001000
100010110111
000001110000
011111011011
101100010000
111111110010
111010010011
000111111110
111111110011
101100011110
111111111101
001010111010
110111010110
001000001100
100000101101
101111001000
101001000110
111000001000
011100010000
101001000100
101011101111
100011011001
111010010000
101100010011
101100011100
001000001111
011100101110
101110111011
100110011110
111110001010
001010010100
011110110101
000101011010
000010000010
000010001100
000111100000
101111000111
010100000110
011100101100
011100100011
110001101000
001110000010
000010011110
001110000011
001011001010
111010011101
110001101001
100011101010
011100100010
101111011001
100110010010
001010010111
000010000000
101000111000
100000010010
000111101100
101011100001
101110100111
101111011010
011100100000
101000100110
001110001111
010100000101
111010011111
101001011011
111101111010
100011101001
110100101100
110101011110
011001101000
100010100101
100100011010
101110110100
000001100001
000001100010
100011001000
011001010100
100100011001
101111011000
100010111000
101100101110
110001010110
010110111110
000010010000
111000011000
110100100000
000010010001
011011101111
011001101011
100010100110
011100000000
000110001010
011011110001
000000001010
001101010000
100101110001
000000001001
011011110010
100011001011
000110001001
011011101101
101110010111
000111110010
010111001101
001010111000
011011100011
101001010101
001011011011
001010100111
101000110100
001010011001
010011000101
011111101010
011111101011
010011000100
000000011011
110010101010
001011000101
110010101011
100100000101
010000101101
010000101100
001011011000
110101000000
101000110111
011100011111
000101101001
011100011110
101110110101
101100100011
101100101101
111110011011
111001110000
010010110110
100010111011
000001110011
101100100010
101111010100
011101000000
101101001110
111010111100
111001101101
100111000001
111001101110
101111101001
100011111010
111001101111
011011011110
110010010100
101101000011
100001011111
111110011000
101000010100
101000010101
100000001111
110001011000
101000101011
111000010111
111000010110
001010000110
100010101000
101001111011
110000001100
101101000010
011000010101
100111000011
100111001110
011110010100
110000001110
100001011100
111101001000
001010000101
111000010100
010011001001
011100000010
011100001100
011100001101
110000000000
011101001111
011000010110
111111101110
001100011011
011010011001
001101010011
110111000110
001101010010
010101101100
110000000010
111000101001
000100111000
111011110111
001100000111
000101111010
001100000110
111110010110
010111110111
011001001001
011101000011
011101001100
111010110001
110001000100
001100011000
011010011000
001011010100
111001100011
010101101111
011011010011
101001100100
011001001010
000100111011
011111010111
000101111001
011110000111
101111111000
011110000110
111101011001
101011111101
001000010000
111100001110
101011110011
101000111010
010100100100
101111100101
100000011110
100000011100
110001001010
100000010011
111110101000
110110000010
011110011000
101111100110
110010000110
111010101101
111010100011
100011010101
100111010000
110111011001
100001001101
110010011010
001011101001
100001000011
111100000010
001010101011
110110000011
000010001110
100101001001
111110101010
111100000000
110010011001
000011000001
010001110101
111101000110
100111011101
001100001010
111011111010
111011111011
001101001101
011111000101
100110001101
100001000000
011111000100
110111001010
101010111111
101010111110
001001010110
011010010111
110110001111
001110010010
101001101000
110111001001
100001000010
100110001110
101110101011
101110101010
100111011111
111011111001
100000000001
001101001110
100110000001
001000010011
101010111100
101010110010
111011100101
100010010110
011000011011
101010111101
111011100111
100010010101
011001011000
001000011110
011111011001
000011001111
111010100000
101110101001
101000101000
111110111000
111100011110
100111101101
111110111001
001011100100
001100101000
001100101001
110010110111
001001011101
110011000111
000000111001
111110100110
010010000111
010111100110
010100110101
001110110000
110011011000
100001100000
000100011010
010101000100
111001011011
011010101001
001100101011
010001100100
101101101111
001111011110
000001001110
011000000110
001110111101
101101010001
011010101010
111000110110
110110000100
100101001110
101110001000
011101111001
000110101010
111011101011
100100111000
001110111111
011101100100
010001110110
011000000100
100001101110
001001000000
111111001010
110110011010
101010010001
001111000000
111001001010
111011010001
100101000011
100101001100
100011110110
110010111001
000110101001
111011101000
111011010010
001011111011
100111100010
110011011011
010100110110
001001001101
001001000011
001010001011
001011110101
000110011100
101000011001
101101011111
000110010011
110000000101
110101100100
100011110111
110100000001
101000000111
111111011010
100001010100
000100001011
011011001000
111110110100
011010111001
000111001100
011101010001
000111000011
100101010001
111111000101
001010001000
100100100110
000110011110
110101100110
101000011010
001111001111
111000111010
010101010101
001001101100
011010100110
111100101101
001100011101
001100010010
010000001110
010000001111
011011001011
111110110111
110011101011
101101111100
101101111101
011100110100
100100110100
101110000110
101101100001
011101110111
101110000101
111001000101
000001000011
100010001010
111000100111
000001001100
100101011110
000110111000
011100110111
001011110111
011101110101
100100110111
110100001100
110100000011
011101110100
110000010111
010010000101
111001000111
010010000100
110000010110
011010111010
111000100100
110110010111
100010001001
110110010110
000111000000
100101010010
011101011101
010001111010
100011100110
011010110101
100100101011
001001111111
000001010001
010001011100
101100111110
011000101111
101011000000
101100111111
100110110001
110110111110
110110110011
110110111101
001000100010
000110000001
111011000001
000010100000
100011100101
001100110101
100100101001
001111101100
111100111110
110101101001
000001010011
011001111110
101011000011
011000101100
000111010010
001110101110
011000100011
101011001101
001000101110
000001101001
101010001110
010010101111
000001101010
100100010000
100000110000
001111100001
010110001110
111101110001
101110011001
001010110111
110101010001
101101110010
011110101111
010000011111
010010010101
010010010100
000010111110
000111010001
001110101101
101011001110
110000110011
111100100001
001101110100
110000111101
110000111100
001110100011
100101111001
010111011100
110111110001
110000111110
111100100010
110101111011
110100011111
011001100000
101101110000
110011100110
001001110010
011001100001
000101001000
110100101011
111101110011
110100101010
001010110100
011111100000
010011111100
100101100101
001001111100
000010111100
001111110011
011011110100
001111111101
000010110010
110000110001
110110110000
001000100000
010111011111
000010110001
110000110010
110100010011
111101111111
011111100010
001000110011
110110101101
100110100001
100110100000
011000111111
011110100000
111011010011
111011011100
011100111011
010110011111
001100100110
010011101110
011111111100
101001001010
011111110011
100111110011
100111111100
000011100011
010011101100
001111110010
000000101010
001101101001
101011010010
001100111010
001000110001
100110101100
110010100100
010000011101
010110011101
101001001001
000111101011
011111111111
011110100001
001000111101
011000110000
100000100001
101111001011
010100011010
011001110011
011001111101
100001111100
100001110011
100001111101
111010001110
110001111111
101010000010
000010101110
111100110000
110000100001
110110100000
011000110010
100101101010
101011011101
011110110011
011110111101
001101111000
011001110001
100110111101
100001110000
011111110001
110010110101
100111110000
100110111111
111011001101
100000111111
100101101000
110110101100
000111111000
000111111001
100110101011
011100101010
011110110000
001101111011
010011011101
101000110001
101000110000
011001011110
011001011111
101111001101
010100001100
001101100111
110001100010
011011100100
000010011010
001110001000
110001100011
110001101100
010000111010
110111100011
110111101101
101110110010
001000011001
010000100110
101110111100
011111000010
001010100000
010011011110
001010100001
100110010101
011001010010
110111101110
111001110101
001101100101
101100011000
110111010000
010000100101
101011111000
011111001110
101001001111
111010000100
110100110111
110100110110
101100000110
101011100111
011001010001
110010000010
100010110011
101110100000
100110101001
110111010010
101111000010
100011011110
100100001111
110010001101
101011111010
111010000111
110101001011
111010000101
101001000001
110101001010
110010001111
100001001011
011100010101
101111000001
100011010011
100011011100
100010110000
111010101010
111111111011
101001010000
001010110011
011100000111
001000001010
011100011001
000101101110
001010010010
001010011100
111110001101
011001101111
001011001110
010110111010
101001011100
101001010011
111001111000
101111010011
100100000000
111101100010
000101100011
111111100100
111001100110
001010011111
100100000010
100010111110
010010111100
010010111101
000001111000
011100100101
001011000010
001011001100
110001010001
111000011111
100011100011
111010010101
110101011011
110100111001
101100001001
001000101001
000000000010
111000001110
110101000111
111101101100
111000001101
100101110111
100100011101
100011000010
111001110110
101110010000
101110010001
110100100100
100011100000
111111110111
001010111111
110101011000
100010100010
101101001000
101100001010
111000001100
111000000010
001011011111
111000000001
101011101010
100101110101
100011001111
011011111000
001101010101
111110000001
101110011100
001010000001
100010101111
011011000100
000011001010
100001000101
000100101100
001110010101
111111101011
010100101110
000100101110
110111001100
010101100111
001101011001
101001101101
101001100011
011101011010
010110110100
111101001110
011010001111
001100001100
011010001110
011011000111
101011110100
011011011010
111111101001
001011010001
111001101001
011011011001
100110001000
011101011000
100000001000
100011101100
000101110010
011010000011
111001010111
111100001011
111010110110
011110010011
110000011011
111110010010
110001010010
100000001011
100011101110
111101000001
110001011101
011010000000
010011001111
001101000100
101001111110
111111010101
111100001000
000100100001
100111001011
011110010001
100111001010
101101000101
100001010111
000100100010
101101000100
110000011001
111000101111
010011000010
001100000001
111000010001
111101001101
001110000100
110111011111
111011111111
011001001111
100110000111
100110011011
010010001010
001011101111
001011101110
011000010011
011000010010
011010011101
011010011100
011000011100
100010011101
011011010101
000011000111
000100110011
000011000110
011111010000
010100111111
110011010111
101000100001
010101110110
111011111100
001101001011
000011011001
011001000010
011001001100
000011011000
011101001001
100110000100
011101001000
101010111001
011010010001
100000011000
011010010010
001110011010
011110011111
101111100000
011110011110
011011010110
101011100100
011111010010
011111011101
010000110111
010100111100
100000000110
101000100010
110011010100
111100010001
011110001100
111101011100
101011110110
111101010010
100111000101
100010010000
111001101010
101111101100
111011100000
101111100011
001111010011
111100000111
001111011100
001111011101
010000110100
101010100101
101100010101
101000101111
111100010011
111100011101
100001011010
110000001001
110010011110
111101010000
111010111011
100001000110
001001010001
110110001001
110001001111
100111000110
010101100101
110110001011
101111101111
111100000100
110010010011
110000001011
100001011001
001000000101
100111011000
101010010110
110000101000
001110110111
011110001001
001111000110
111000111100
100100110001
111000110011
001100010100
100001111010
111011101110
110010110000
001111011000
100100110010
000100000000
111001000000
110110010001
000000100000
011110001010
010001111101
100101011011
111111001111
011101100001
011000000001
110000101010
101101010110
001111000101
001011111101
111011010100
111001001110
100100111100
011111110101
111011100010
000110100010
000110100011
000110101100
100100111110
111001000011
000100001100
111001001100
000000100011
000000101100
100010000011
100010001100
001011111110
111100011010
100111101001
110011011111
011101101101
110110011100
111111000011
111111001100
100101011000
100001100111
010001111110
011000001000
011101100010
011000001001
001001000111
000111001010
010101011100
100111111010
100111111011
110011001100
110011000011
000011101000
001001011010
101000001101
111110101100
101000000011
101000001100
110010111111
111110100011
010010001101
000100001110
100010000000
101111110001
011101010101
101010101111
011000001011
101111111111
101111111110
000011011100
000011010011
000011010010
001011100011
001011100010
101110001111
011101111110
110011000001
101110001110
110011000010
101101101010
111110101111
000001001011
101010100010
001110111001
101010100011
101010101100
001111101010
100100100000
111001011101
101101111000
000001011010
001111001001
010000001010
101001110010
101110000011
011101111100
101101100110
101001110001
111100101000
110101111110
001110111011
100001101011
010011110111
010111111101
000000110010
100011110001
011101110000
010001101111
100011111100
101000000000
010101101010
111000100000
000110110000
011010111110
101101011010
011010111111
110100011000
011101010110
100101010110
001001001000
000110011001
101000011100
101000010010
111110111100
011011000001
111110110010
010111111111
001001101011
000000111110
001001101010
000111011011
100101000100
100011111111
010111101101
010111101100
110101110000
110000010000
011011000010
111110110001
111111000000
001010001101
101000011111
110011101101
000110011011
101101111011
111001011110
011010101100
011010100010
111111011110
101101100111
001100010111
111000111101
110101110010
110101111101
110101110011
001011110000
000000011000
010111000110
100101101100
110101010100
010000011010
111100111000
110101101111
100000110101
000010111011
001110101000
111010001011
101010001000
110111110100
111100100110
100100010111
100000110110
101100100100
011001100100
101110011110
101110011111
100101100000
110010101110
110110100101
001001111001
101100100101
011100110011
011100110010
101100111001
100111110101
010111011010
001111111010
110100010110
011001100110
011001100111
110110100110
011111101000
101011011010
011111100111
110010101101
001100111100
110010100010
110101100001
111011000110
011000101010
100110110100
011000101011
010010100100
001000100101
011111111010
110110110111
110001110100
100110110110
010001000101
100101010101
010110000111
100100101101
001000111011
110100101111
110010100001
100100101100
001100110001
100100100011
110101010111
011110101001
111100111011
001001100110
111100100111
010010100111
010100011101
110011111110
000001101100
010011100101
100101111110
101010001011
111101100101
110011111100
110011111101
110001110111
100100010100
101101110111
001100110010
010001000110
101010011000
001001110100
001001110101
100000100100
110111100100
011001110111
001101110001
010100011110
100001110110
110011110010
110011110000
101010000111
110011110001
110000111011
000010101011
100000111001
111100110101
011110100111
011000111000
000101000010
101011010111
001100111111
010101001111
100111100100
011000111001
010101001110
111011001010
000100010001
001111110111
001110100100
101100110110
100110111010
101010000100
101100110100
000010101000
011110111010
011110111011
100000111011
010110000101
110000100111
111010011010
000101000001
001000110110
110001100101
111011001001
111011001000
010000010100
001111110100
001101111110
000101010000
001100100011
010011101010
110110111010
010001010111
011111110110
110110111001
100111110110
110111111011
111011011011
110100010100
101011011001
110100010101
011101101110
101010011011
100110100111
100101101111
000011111011
011110100110
001101100010
010110010110
110111100111
000101011100
001100101111
111010001001
110001111010
110001111001
110001111000
101011000101
010111010100
011000100101
110111111000
001101100000
011110100101
001110110110
111101110100
001000110111
