1001111
0010010
0011100
0010011
0011101
1010111
0100101
0100100
1101001
0111001
1000010
1000011
1001101
0011111
0011110
1010001
1010000
0000101
0111000
0000100
0001000
1001011
0100000
0010110
0010111
0100001
1001010
0111010
0111011
0001001
0001011
0001010
1001001
0010000
0010001
1010100
1010101
1100001
1100000
0110100
0000010
0110101
1000100
1000101
1111001
1011001
0001101
0000011
0001100
0001110
0101001
0101000
0010100
0010101
1011011
1011010
0001111
0110001
0110000
1000000
1000001
0011001
0011000
0101011
0101010
1011101
1010011
1010010
0000110
0000111
1110001
1110000
1000111
0011011
1011111
0011010
0000000
0000001
