10101110000
00111010101
11101110011
10100000101
00000010000
01011101001
11110000001
11011001101
10110011000
00000001011
01110011010
10101010110
01011110110
10011000001
00101000010
00111001000
11101100110
10111111111
01001011011
00100001000
00001000100
01100000011
11011101011
01011100010
11110000100
00011011001
00010000000
10000000010
01111100111
10101111010
00110000011
01111101100
01010000110
11001000111
11100010010
11010010001
01101010100
10000011100
11000010100
11100011001
11111111101
10111100010
11000001110
10001001010
