10011110101
10101110000
00111010101
11101110011
11111001011
00100111110
11100100000
10100000101
00111110000
00000010000
10111001110
01011101001
11110000001
11011001101
10110011000
00000001011
00110100100
00001100011
01110011010
00101101111
10101010110
01011110110
11010111000
10011000001
00101000010
00111001000
01010110000
11101100110
10111111111
11100101110
00011011110
01001011011
11110011111
11011010010
01101011111
00100001000
00001000100
01100000011
01100001101
10001111100
11011101011
10010111011
01011100010
11010111101
11110000100
00011011001
11101001000
00010000000
10010101100
10000000010
11100101101
10110001101
01110110111
10101111010
10100101001
10011100100
10101011011
11011011001
00110000011
01101100001
00001110011
00010011111
01100110001
01010000110
11001000111
00001010111
11000100011
01000101110
10110101010
10010100111
11100010010
11010110110
10110110001
01000110101
00111110011
01000101000
11010010001
00010101101
01101010100
10000110111
00000100010
01110111100
00001111001
01011000001
10000011100
01110101011
11000010100
11100011001
11111111101
10111100010
11000001110
10001001010
