10101110000
00111010101
11101110011
00100111110
00000010000
01011101001
11011001101
00000001011
00110100100
10101010110
01011110110
10011000001
00101000010
00111001000
11101100110
10111111111
01001011011
00100001000
00001000100
01100000011
01100001101
11011101011
10010111011
01011100010
00011011001
00010000000
10010101100
10000000010
01111100111
10101111010
00110000011
00010011111
01111101100
01100110001
11001000111
11000100011
01000101110
10010100111
01000110101
01000101000
00010101101
01101010100
10000110111
00000100010
10000011100
11000010100
11111111101
10111100010
11000001110
10001001010
