10000010001
10000010000
10101110000
01101010000
11011101110
10101111100
10101110011
10011011011
01101010010
01101011100
01010000100
00010001100
00111010001
11011011101
11001001010
01111100100
00101001010
10110000000
10110000001
01111111001
00010000000
00111010010
00111011100
00010000001
11011011110
10110000010
10110001100
01111100111
00101001001
01000000000
00001010001
11001000100
11001011000
10101100001
10000000000
11001011001
01110001110
10011001010
01000000010
01000001100
01000000011
11001000111
10101100011
10101101100
10101100010
01110000010
01110000001
10111110101
10101111110
01111110101
00101011011
01010010101
00101011010
10100001010
10100001011
00101011000
01111110110
10110010010
11001011010
10100001000
10100001001
00101000110
11110000111
01000010001
00000001000
01001010100
01001010101
00000001001
00001000000
10001001100
00111001110
10001000011
00110001010
01101001110
00110001011
01000011100
00000001011
01110010010
11110011000
01111010111
01000010010
11111101011
11111101010
10001001110
11000000110
10111001101
11000000111
10010010101
01101000010
11101001111
11011111101
11011110011
11011111100
11111010111
11000000100
01101000001
00001011100
00001010010
11110000100
11011110000
10000000011
10000001100
00000011001
11100010001
00000000111
01111111010
01011111110
10010011010
11011111111
11100010010
00000011010
00010011100
11011100010
11100001100
11100000011
01011110001
00011010100
00011010101
10011011000
01100010000
10011011001
11110010101
00110001001
01011110000
10010000100
10010000101
11011101101
00010010010
00111000000
00010010001
01111101000
11100000000
01011111101
11000010101
01100010010
01100010011
10010000110
00001000011
10011000100
11011100001
00111000010
00111001100
00111000011
00011011010
01011101000
01011101001
10001010101
10001010100
11111111000
11000001011
01100000001
00110011000
11111110111
01001011010
11111111011
01001011011
01011111011
00110000110
00110000111
11101010110
00011000100
01001001000
11101010111
01100000011
10010001000
00011011001
11111110100
00000000100
10010001001
00110000100
00011000111
11010000000
11101100011
11101101101
00011001011
11110001001
00100000010
11110001000
01100001110
11000011010
00100001110
11110001010
11110001011
10001000101
11111100111
11000001001
01001000110
01001000111
01011101010
11010010001
11000001000
10101001111
00000010100
11111100101
00000010101
01001000100
00110010101
00011001000
10111010110
00100000000
00011001001
00100010010
10111110001
00100011100
11101111100
11101110010
01110011001
10101101010
11011001101
10100011100
10100010011
10100010010
11101111111
01110011010
01110011011
01011001111
10111111111
10111111110
10101011110
10100000001
11101100000
11101100001
10111110011
10111111101
00100010001
10111110010
10101011101
10101101000
01011011111
10111100000
11010001100
11010000010
01001001011
10100010000
10100010001
01010000011
10111100011
10111101100
10111101101
11011101000
11100000110
11100011011
01010010000
10011001100
10011000010
10011000011
10110000101
11100000101
10110011001
01111111101
01111110011
01111111100
10011000001
00101000010
00101001100
00101000011
10110011011
01111111111
10110011010
10101110111
11011101011
01000001001
10101110110
01010010011
01010010010
01101011001
01110001000
00010011011
10000011011
10101111011
10110010100
01000011010
01101011011
01000011011
10000011000
00101010011
10100000011
11001000001
10101100101
10000000101
10101100100
01000000101
00101000001
01110000111
01000000110
10101111001
11001000011
11001001100
10101111000
11001000010
00010001010
00010001011
01000011000
01110000110
01110000101
01011110100
01101001000
10010010000
10000001010
11011110110
11000011100
11000010011
10000001011
11111011101
00001011000
10010010010
01011110111
10010011100
10010010011
11110000001
11011110101
11000010000
11111011111
00001000110
01000010100
10001011001
11100010100
11100010101
11001010011
00001000100
00001000101
00111001011
10001000111
10001000110
11111101111
10001011011
11110010011
11110011100
11001010000
11100001010
00010011001
01101000111
00001001010
00011010000
11011111001
00010000110
01100010101
01110010100
11110010000
11110010001
00110000011
01011100101
00110001100
01111100001
00111000101
01111100010
01111100011
01101000100
01011100110
00011010011
10011010001
00111011001
00010000101
00000000001
00001001001
10010000011
11011100100
01111101101
00111000110
10110001010
01111101110
00000000010
00111011010
01101010101
10001001001
10001001000
00000001110
11100011001
11100011000
11011111010
01100000100
00110010010
01011101111
00110010011
10111101010
11111110010
11111111110
01001000010
11101011101
11010000101
00000010000
01001000001
00011000010
00110010000
11111110001
01100011001
10111101001
00000010011
10010001110
11010011010
11010011011
01100011010
10111011110
00100001001
00100001000
11010000110
01011100011
01011101100
01111001111
11010011001
01011010110
01001001110
11111101100
10001010010
10001011100
11010010100
11000000010
11111100000
11000000001
01100001000
11101101000
00011001110
11110000011
00100011001
01110011100
01001010000
00100000111
01111011110
01100001010
01100001011
11101101011
00100011011
10001010000
01001010011
11111111101
01111011101
11110001110
11000001110
01010001010
00101010100
10100000100
01010001001
00100000101
10101010111
11101100110
11101100111
10100011010
11101111001
10101101111
10101101110
10100011001
11101111010
10100000111
10100000110
10100010100
01010011011
00100010101
01010000111
10111111000
11101110101
11101110100
01010011001
01010011000
10111100110
11010001011
