10000010001
10000010000
10101110000
11000100101
01101010000
11011101110
10101111100
10101110011
00010001111
10011011011
01101010010
01101011100
00100111000
01000001111
10010111000
00100111010
00010001100
00111010001
11011011101
11001001010
01111100100
00101001010
10010111011
01111111001
00010000000
00111010010
00111011100
00010000001
11011011110
01111100111
00101001001
01000000000
00001010001
11001000100
11001011000
10101100001
10000000000
11001011001
00100110100
10011001010
01000000010
01000001100
01000000011
11001000111
10101100011
10101101100
10101100010
00100110111
10111110101
10000011110
10101111110
01111110101
00101011011
00101011010
01000011111
00100100110
11000111010
11000111001
10000011101
00101011000
11000100110
00100100100
01111110110
11001011010
00101000110
01000010001
00000001000
01001010100
01001010101
00000001001
00001000000
10001001100
00111001110
10001000011
00110001010
01101001110
00110001011
01000011100
00000001011
01111010111
01000010010
11111101011
11111101010
10001001110
11000000110
10111001101
11000000111
10010010101
01101000010
11101001111
11011111101
11011110011
11011111100
11000101010
10000001111
11111010111
11000000100
10010010111
01101000001
00001011100
00001010010
11000101000
11011110000
10000001101
10000000011
10000001100
00000011001
01000100010
00000000111
01111111010
01011111110
10010011010
11011111111
01000101110
00000011010
00010011100
11011100010
01011110001
00011010100
00011010101
11000010111
10011011000
01100010000
10011011001
00110001001
01011110000
10010000100
10010000101
11011101101
00010010010
00111000000
00010010001
01111101000
01011111101
11000010101
01100011101
01100010010
01100010011
10010000110
00001000011
10011000100
11011100001
00111000010
00111001100
00111000011
01100011110
00011011010
01011101000
01011101001
10001010101
10001010100
01000100100
11111111000
00000101110
11000001011
01100000001
01000111000
00110011000
11111110111
01000100111
01001011010
11111111011
01001011011
01011111011
00110000110
00110000111
11101010110
00011000100
01001001000
11101010111
01100000011
01100001101
01000111011
10010001000
00011011001
11111110100
00000000100
10010001001
00110000100
00011000111
11101100011
11101101101
00011001011
00010111010
00100001101
00010100110
00100000010
01100001110
00010111001
11000011010
00100001110
10001000101
01000110101
11111100111
11000001001
01001000110
01001000111
01011101010
01100100011
01100101101
11000001000
01000110111
10101001111
00000010100
11111100101
00000010101
01001000100
00110010101
00011001000
01100101111
10111010110
00100000000
00011001001
00110111110
00100010010
10111110001
00100011100
11101111100
11101110010
10010101010
10010101011
00000110000
10101101010
10000111101
10000110010
00110110010
00100011111
11011001101
01100100000
11101111111
00100101011
00000110011
00000111100
10000110001
00110111101
00110110011
01011001111
01100110011
01100111100
10111111111
10111111110
00100101000
10101011110
00110110001
01100110010
11101100000
11101100001
01100111111
10111110011
10111111101
00100010001
10111110010
10101011101
10101101000
10000111111
11000110100
01011011111
00110101100
10111100000
01100110001
10000100011
10010100111
10010100110
00110101110
10000100010
01001001011
00000101101
10000101111
10010100101
10000101110
00000111111
00010110100
00010110101
10010110111
10010110110
00000100001
00110100001
00110100000
00000100000
10111100011
10111101100
10111101101
11011101000
11000111111
10010111101
00100111110
11000111110
10010111100
10010110011
10011001100
10011000010
10011000011
10010111110
10000010110
01111111101
01111110011
01111111100
11000110010
10011000001
00101000010
00101001100
00101000011
11000110001
01111111111
10101110111
11011101011
01000001001
10101110110
01101011001
00010011011
10000011011
10101111011
11000101111
00100100011
00100101100
00100100010
01000011010
01101011011
01000011011
00110110100
10000011000
00101010011
11000101100
11000100011
00100100001
11001000001
11000100000
10101100101
10000000101
10101100100
00100110001
00100110000
01000000101
00101000001
01000000110
10101111001
11001000011
11001001100
10101111000
11001000010
00010001010
00010001011
01000011000
00100111101
00010010111
00010010110
01011110100
01101001000
10010010000
10000001010
11011110110
11000011101
11000011100
11000010011
00010101000
10000001011
11111011101
00001011000
10010010010
01011110111
10010011100
10010010011
11011110101
11000010000
11111011111
00001000110
01000010100
10001011001
11001010011
00001000100
00001000101
00111001011
10001000111
10001000110
11111101111
01000010110
10001011011
11001010000
00010011001
01101000111
00001001010
00011010000
11011111001
00010000110
01100010101
00110000011
01011100101
00110001100
00110001101
01111100001
00111000101
01111100010
01111100011
01101000100
01011100110
00011010011
01100010111
10011010001
00111011001
00010000101
00000000001
00001001001
10010000011
10010001101
11011100100
01111101101
00111000110
01111101110
10010011111
01000101000
00000000010
00111011010
01000101001
01101010101
10001001001
10001001000
00000001110
01000101010
11011111010
01000110011
01100000100
00110010010
01011101111
00110010011
10111101010
00010110000
11111110010
11111111110
01001000010
11101011101
01000111101
01000111110
00000010000
01001000001
00011000010
00110010000
11111110001
01100011001
10111101001
00000010011
00000011101
10010001110
00010111111
00010111110
01100011010
00110101001
10111011110
00100001001
00100001000
00000011111
01011100011
00110011110
01011101100
00110011111
01111001111
00010110011
00110101010
01011010110
00000101011
00000101010
01001001110
11000001101
11111101100
10001010010
10001011100
11000000010
11111100000
11000000001
01100101010
00010100001
01100001000
11101101000
00011001110
00100011001
01001010000
00010100010
00100000111
00010101101
01111011110
00010100011
00010101100
10000110111
01100001010
01100001011
11101101011
01000110000
00100011011
10001010000
01001010011
11111111101
01111011101
00010101111
10000110100
11000001110
01000110001
01100111001
01100100110
00101010100
01100100111
00110100101
00100000101
10101010111
11101100110
11101100111
00100010110
11101111001
10000100100
10101101111
10101101110
10000111000
10000111001
00100101111
10000100110
11101111010
10010101100
01100100101
00000110110
00110110111
00000100111
00000111010
10010100001
10010100000
00100010101
00000100101
10111111000
11101110101
11101110100
10111100110
10000111011
00110111011
00110100111
00110100110
01100110100
00110111000
00000111000
10000101001
10000101000
00000111001
10010110001
10010110000
