010100101
100100001
010111000
100000000
011110001
111111111
001010000
111010000
101101011
000111001
110000011
100000111
010001011
011101011
110110101
010011001
100011001
011010011
011011101
111010111
101100111
010000111
111100111
000111010
111001001
101110001
000010001
101110000
010010000
110101101
101011011
110111011
111100001
101000001
011101111
111001111
101111101
101110011
000100011
110110010
111101101
000001101
100111101
010001100
000000010
101001101
110101011
010010101
110010001
101010101
110011101
111011011
101100000
000001111
011000101
010000000
011111001
011100000
010100010
000101000
110011111
111011001
010011010
100101111
101101001
000110000
010110011
110000100
100110111
010001001
100000101
000011011
010100001
010111111
100110101
110000110
100010010
