011010110
000100100
011001000
010111000
100000000
001001001
011101000
111111111
001010000
011010100
111010000
101101011
011001110
001001010
000111001
110000011
100000111
010001011
001110010
110110101
001111101
000011100
100011001
111010111
101100111
010000111
111100111
000111010
001000011
001001100
111001001
101110001
000010001
101110000
010010000
000101101
110101101
101011011
001100001
110111011
111100001
101000001
000010111
111001111
101111101
101110011
000100011
001011000
110110010
111101101
000001101
000110100
010110110
100111101
010001100
001000110
000000010
101001101
001111011
011100110
110101011
000101110
010101110
101010101
110011101
001100101
111011011
101100000
000001111
010000000
011100000
010010110
010100010
000101000
110011111
111011001
010011010
100101111
101101001
000110000
110000100
100110111
010001001
100000101
001110100
000011011
001011110
001011111
011110010
100110101
001000101
110000110
011111100
001110111
001101010
011011010
100010010
