011010110
000100100
010100101
111011100
011001000
010111000
100000000
001001001
011101000
011110001
101111110
111111111
110011010
001010000
011010100
111010000
101101011
011001110
100111010
001001010
000111001
100000111
101000100
001110010
011101011
110110101
001111101
000011100
010011001
100011001
011010011
011011101
111111010
111010111
101100111
110111000
111100111
000111010
001000011
001001100
111001001
101110001
000010001
101110000
010010000
110010100
100010100
000101101
100100110
110101101
101011011
001100001
110111011
111100001
110001000
100001100
101000001
011101111
000010111
111001111
101111101
101110011
000100011
001011000
101101100
110110010
101100010
111101101
000001101
000110100
100001010
010110110
100001011
100111101
010001100
100111100
001000110
111100010
000000010
101001101
001111011
011100110
111000010
111110100
110101011
111001100
010010101
110101010
110010001
000101110
010101110
101010101
110011101
001100101
111011011
101100000
110111110
000001111
011000101
111101110
010000000
101001110
011111001
011100000
010010110
010100010
000101000
110011111
111011001
010011010
100101111
110100100
101010110
101101001
000110000
010110011
110000100
100110111
100110110
100000101
101001000
001110100
000011011
010100001
100011110
001011110
001011111
011110010
010111111
100110101
001000101
110000110
011111100
001110111
001101010
011011010
100010010
