010100101
100100001
111011100
011001000
010111000
100000000
001001001
011101000
011110001
101111110
111111111
001010000
111010000
101101011
001001010
000111001
110000011
100000111
010001011
101000100
001110010
011101011
110110101
010011001
100011001
011010011
011011101
111010111
101100111
010000111
111100111
000111010
001000011
111001001
101110001
000010001
101110000
010010000
110010100
100010100
100100110
110101101
101011011
001100001
110111011
111100001
100001100
101000001
011101111
111001111
101111101
101110011
000100011
001011000
101101100
110110010
111101101
000001101
100111101
010001100
100111100
000000010
101001101
001111011
111110100
110101011
111001100
010010101
110010001
101010101
110011101
111011011
101100000
110111110
000001111
011000101
111101110
010000000
101001110
011111001
011100000
010100010
000101000
110011111
111011001
010011010
100101111
110100100
101010110
101101001
000110000
010110011
110000100
100110111
100110110
010001001
100000101
000011011
010100001
100011110
011110010
010111111
100110101
110000110
001101010
011011010
100010010
