1110011011001
1100010100011
1011000111101
1001011000000
0001111001111
0010110101110
0000001100110
1010101010111
0001110100101
0010010110001
0010110000011
1111101001100
1000010010110
0100010101011
0110101101111
1011100000111
0100100111011
1100101000010
1000000001101
0110111110111
0110000001010
1111010110111
0001010111100
0001000010011
0101001000011
0000100100101
1110011100010
1101100111001
0111000100010
1111110001001
1010000111110
1011001101011
1011000000110
1000111111001
0110011000101
1101100100110
0011001011101
1100000010101
1100110011111
1100011101100
1101101110011
