0110111011101
0110111010011
0111101011110
0000010001111
0000111101110
1000001100001
0011011010101
0100010111100
0000100111101
0101111001010
1011111001001
1101110100110
1111111100001
1110111000100
1101111001000
1010110010111
0001010011101
0101100001110
1010101111100
0101011101100
1111111101101
1110111000110
1011011101011
1001000001010
1101110111010
0101110111011
0101001001111
0111111101110
1011110110000
1101000101100
1100110011110
0100000000110
1100110101010
0011110101001
1101110110010
0110111000010
0111010101000
0011000101101
0100011011111
0101011011000
0010110001101
0001110000010
1110001011110
1101110010011
0101011111001
0000101011110
0001111111110
0000110110101
0110100010010
0101011011110
1001010000000
0011110101100
0101011000010
0000111010110
1101100101111
0100110100000
1000010010011
0010000011110
0101011000001
1100100001101
0101010111111
1010110101001
0011110111011
1110101010010
1010100011101
1011010110011
0111010111010
0111010100110
0011111010001
1011111101010
1001001100011
1110111111110
0111110110101
1011001101110
0001111101111
1110110101100
0001001101111
1000101010101
1100000111111
1010011101111
0110011101111
1100000110110
0011000011111
1001101110011
0000111011001
0001110010000
0111101101100
0010000000010
1011010111000
1110111110000
0010001001111
1110100011110
0001111100000
0001101001101
0000001011111
0001101000010
0011110000110
1010010101100
0011111011100
1001001100000
0000111000100
0001010110110
1111110110111
0111111110110
1010111000101
1000010111000
0101110111100
0110000001101
0011101000110
1111011011011
0001010100001
1001101111000
1100110110001
1000000000101
1000100000000
0011011100100
0110110010000
1011111101101
1111010001110
1000100011001
0111000110010
1010110011011
0111001101100
0000110001100
0010111001011
0101000110010
0010011011111
0101110100101
1010111010010
1011000100110
1101011001101
1110111111011
0101111110001
0110110011111
0011100001101
1001100101001
0001011111110
0100110010101
1111100110010
0010101001110
0101101011101
0001111001111
0111011010001
1000011011000
1011010010010
1010001100010
0110101111111
0111100001101
1101111111101
0101111110010
1001000110111
1101101011111
1111110100010
0111110101110
1001001011011
1101001111100
1110101110010
0000110011111
1100011110010
0110110001100
1100011111100
1110011001100
1100010001111
0000011001100
0011111110111
1111110101001
1100010000010
0100001011100
1110010100010
0110000101110
1101010010100
0001100101110
1110101101101
1101101101110
0111110010010
0110110101011
1010010000110
1000001001001
0100111101101
0001011101010
0011001111101
0011001110010
0111011001111
1110101100110
1000011010011
0011111111001
1010111101100
1111001001110
1110110011101
1011010101111
1111011010111
1011100111110
0010001011100
0111011100011
1111111011010
0100111001100
0011010010001
0101010001111
1000010110101
0100110100110
0000110110010
1100001001100
1111110001101
1110010011111
0111111000100
0010111110000
1001110000101
1101111010000
1011101001111
0110111111000
1011001010110
1111011110110
0101111010111
1111000011101
0110111100111
1111110011000
1101111010110
1101001101101
0110001111110
0010011100110
1000001110100
0010110111000
0101000010110
0000100010010
0100101101100
1011011000000
0011011011000
1001101011010
1011110011111
1111010111101
1110010010110
0000001110110
1011111011100
1010001111101
0101001000110
1111111010101
1011111000111
1100111000001
0001011010011
1101011100111
0110111110101
1010100101111
1000101100100
1100111011001
1011000001100
1001001010001
1011010010101
0110100111110
0001010011010
0010110100011
1101011100000
1101010100010
1000100111011
0010010111110
0011100110010
1101101010110
1101111101011
0111000001100
0011101111111
1100111001111
0100101110110
0111010011100
1111011111000
1010110110110
0000000101100
0010010111101
0110100100010
