0110111011101
0111101011110
0000010001111
0000111101110
1000001100001
0100010111100
0000100111101
1101110100110
0001010011101
0101100001110
1010101111100
0101011101100
1111111101101
1110111000110
1001000001010
0101001001111
0111111101110
1101000101100
1100110011110
0100000000110
1000111111111
1101110110010
0110111000010
0011000101101
0100011011111
0010110001101
0001110000010
1110001011110
0000101011110
0001111111110
0110100010010
0101011011110
1001010000000
0011110101100
0101011000010
0000111010110
1101100101111
1000010010011
1001011001101
0010000011110
1100100001101
0101010111111
1110101010010
1010100011101
0111010100110
1001001100011
1110111111110
1011001101110
0001111101111
1110110101100
0001001101111
1000101010101
1100000111111
1010011101111
0110011101111
1100000110110
0011000011111
1001101110011
0111101101100
0010000000010
0010001001111
1110100011110
0001101001101
0000001011111
0001101000010
0011110000110
1010010101100
0011111011100
1001001100000
0001010110110
1001111100110
0111111110110
1000010111000
0101110111100
0110000001101
0011101000110
1001101111000
1000000000101
1000100000000
1011111101101
1111010001110
1000100011001
0111000110010
0111001101100
0000110001100
0101000110010
0010011011111
1010111010010
1011000100110
1101011001101
0110110011111
0011100001101
1001100101001
0001011111110
1111100110010
0010101001110
0101101011101
0001111001111
1000011011000
1011010010010
1010001100010
0110101111111
0111100001101
1101111111101
0101111110010
1001000110111
1101101011111
1111110100010
0111110101110
1001001011011
1101001111100
1110101110010
0000110011111
1100011110010
0110110001100
1100011111100
1110011001100
1100010001111
0000011001100
1001110101100
1100010000010
0100001011100
1110010100010
0110000101110
0001100101110
1110101101101
1101101101110
1001011010010
0111110010010
1010010000110
1000001001001
0100111101101
0011001111101
0011001110010
1000110101111
1001011011110
0111011001111
1110101100110
1000011010011
1010111101100
1111001001110
1110110011101
1000111001110
1011010101111
1011100111110
0010001011100
0100111001100
0101010001111
1000010110101
0100110100110
0000110110010
1100001001100
1111110001101
1110010011111
1001110000101
1011101001111
1011001010110
1111011110110
1111000011101
1101111010110
1101001101101
0110001111110
0010011100110
1000001110100
0101000010110
0000100010010
0100101101100
1001101011010
1011110011111
1111010111101
1110010010110
0000001110110
1011111011100
1010001111101
0101001000110
1010100101111
1000101100100
1011000001100
1001001010001
0110100111110
1101010100010
1000100111011
0010010111110
0011100110010
1101101010110
0111000001100
0011101111111
1100111001111
0100101110110
0111010011100
1010110110110
0000000101100
0010010111101
0110100100010
