0110001101001
0001011100010
0101000111000
0011111001000
0100101110010
0100011001100
0111110101100
0010001100011
0010111010111
0001111001110
0011101010000
0100110011010
0111011011101
0100101001110
0101101101011
0000100001001
0001101010100
0000011000101
0010010001111
0110111011001
0001110100000
0110011000010
0101011101101
0001111001011
0000101001001
0101110111011
0101100000011
0101100001100
0001010011111
0100010111110
0011111100001
0101100010000
0011000000000
0111101110110
0111000010111
0100110101000
0111100011100
0000010111001
0000111010010
0001001010010
0101010000010
0010101100111
0110010001100
0001000011000
0010110000011
0101011011000
0011000000011
0100000101111
0011010010100
0111010101011
0000100000110
0110000101101
0010001110110
0001100101010
0010011101000
0110001001011
0001000100101
0101010001001
0101100000101
0100001011011
0111101000001
0100001100001
0111011111010
0111100011011
0011001001110
0100010110101
1001011011010
0011111111110
0000011101110
0100111100110
0100011010111
0011001100110
0101001010111
0100111111101
0000000110110
0111010100111
0101100100000
0000111001100
0110000100100
0101110011010
0001110000100
0101011110110
0101111010001
0011110011010
0010100000101
0110101011000
0010010010011
0011011110001
0001101111100
0110100000010
0000000000000
0110001111111
0010101011100
0011100101101
0010111001101
0000100011100
0100100110101
0110111100101
0001000101100
0000101010001
0001111111011
0011001011101
0010101101011
0010000111010
0010110101110
0000001101000
0101001100111
0010100110100
0111111001111
0100101100111
0011110110101
0110110110000
0111001100100
0100000010110
0110000010001
0001100110111
0000011010000
0111000111001
0101110000110
0000110100011
0000000100011
