0101000111000
0011111001000
0100011001100
0111110101100
0001111001110
0011101010000
1001101101000
0100110011010
1011000111110
1000010001000
1101001001010
1010110010000
0100101001110
1010011011010
0001101010100
0001110100000
1001110111010
1110000011010
1111111001010
0101100001100
0001010101000
1101011101110
0100010111110
0101100010000
0011000000000
0100110101000
0111100011100
1101110111100
1010011111100
1110101101100
0110010001100
0001000011000
0101011011000
1111111110000
0011010010100
1101001000000
1110010101000
1110001011100
0001100101010
0010011101000
0111011111010
1110110011100
1111010010000
0011001001110
1111101101010
1100100111110
0011111111110
1110100001000
0000011101110
1100000010100
1000010110100
1011000011100
1000101101110
1100000001010
0101100100000
0000111001100
0110000100100
1101101111110
0101110011010
0001110000100
0011110011010
0110101011000
1000111110000
0001101111100
0000000000000
0010101011100
1110011010100
0000100011100
1101110001000
1011111000100
0001000101100
0010000111010
0010110101110
0000001101000
1100001111000
1010100001100
0010100110100
1111010001110
1011011000100
1101101010100
1000100011000
1000101011110
0110110110000
1101011000100
1111100111000
1000011001110
0111001100100
1011001100000
0000011010000
1010101100000
1100110100000
