1010100111111
0110001101001
1011000001011
0001011100010
1001111110111
0100101110010
0100011001100
0111110101100
0010001100011
0010111010111
0001111001110
1100110011001
1111100110101
1111001110011
1011000111110
0111011011101
1011100000110
1111101011101
1001001110101
0100101001110
0101101101011
1100011110101
1110011001011
0000100001001
1111010000101
0000011000101
0010010001111
0110111011001
1011001000111
0110011000010
1100011110011
0101011101101
0001111001011
0000101001001
1100000101011
0101110111011
0101100000011
0101100001100
1101011101110
1101111100111
0001010011111
0100010111110
1000111101001
1100010000011
0011111100001
0111101110110
0111000010111
0111100011100
1101110111100
1010011111100
0000010111001
0000111010010
1110101101100
0001001010010
1100101000001
0101010000010
0010101100111
0110010001100
1110110110011
1011010101101
0010110000011
1001010000110
0011000000011
1110100101001
0100000101111
1010111111011
1101000001101
0111010101011
1110001000101
0000100000110
0110000101101
0010001110110
1110001011100
1111010011101
1110111010110
1011100110010
1101000110010
1011101000011
1011011111011
0110001001011
0001000100101
1001100010001
0101010001001
0101100000101
0100001011011
0111101000001
0100001100001
1110110011100
0111100011011
0011001001110
0100010110101
1001011011010
1100100111110
1111110100110
0011111111110
0000011101110
0100111100110
0100011010111
0011001100110
1000111000010
1111101111001
0101001010111
1001101001111
1101111011101
1011000011100
1111100100010
0100111111101
1000101101110
0000000110110
0111010100111
1001001101101
1000001000110
1010000110001
0000111001100
1101101111110
1100110100101
0101011110110
0101111010001
1010001011001
1010010010101
1001110011101
0010100000101
1011111101111
1111010111111
0010010010011
0011011110001
0001101111100
0110100000010
1000001011101
0110001111111
1010011100111
0010101011100
1010101010010
0011100101101
0010111001101
1110000100110
1110101011111
1001100111001
0000100011100
1001001111011
0100100110101
0110111100101
1000100010011
1111111010011
0001000101100
1010010100010
0000101010001
0001111111011
0011001011101
0010101101011
1011001010010
1000000011111
1100110001111
0010110101110
1110111100011
0101001100111
1010100001100
0111111001111
0100101100111
1111010001110
0011110110101
1000101011110
1110011000001
1000011001110
1101100011111
1001001110110
1000100100101
0100000010110
0110000010001
1101010100001
1000101110011
1000000010111
0001100110111
0111000111001
1011110001001
1000110010110
0101110000110
0000110100011
1100111000011
0000000100011
1110100010111
1011011010110
1000011001011
