0000010001110
0101000111000
1011111001010
1100101111100
0110001101000
1001001110100
1010011011010
0110111101010
1011110100100
1100011011010
1101011011100
0010000101100
1110010001000
1011100011100
0100110000000
0100100001010
1010010110100
0100010100100
1011001000100
0100000011110
0101100001100
0111010000000
1000111011100
0010011001010
1111101010100
1111101101000
1110001000100
0101011100000
0011111011000
0010110000000
1111111111100
1011100000000
1000010011100
0111100100100
0100001001110
0101001101010
0010100001010
1101111000100
0011110000100
1100000111100
0001110011110
1000010101110
1101110011010
1100100011000
1001010001000
1000111000000
0111100010100
1111100111010
1010111000000
1011000101000
0001000011100
1001111111010
0001001010100
0110001011010
0011100001110
0111010110000
1000100011010
0001110101110
1000011101010
0011011111110
1110001111010
0111110111100
0110100001110
1101100110000
1100100010100
1001101100000
1100100101010
0101111110000
0100010101000
0100011111010
1100111111000
0011111010100
0100111010100
1100000100000
1100010110100
0111110100000
1100110100000
1110110011010
1000011011000
1000110010000
0110011001000
0111011101010
0001111001110
1100001101110
1010101001100
0010010001110
0101101011110
0000011011110
0001100010000
0100100111010
0000110101000
0000100001000
0011101011100
1100101001110
1111011000100
0001001001110
0101010101010
1001111001000
1110010111010
0010001100100
0101000001010
0000011000000
1100100101110
0010110110100
0010001010000
1111110100100
1001110010100
0101111101100
1110111110100
0100111100000
0000000011100
0011111101100
1000000111110
0000011101100
1000110001110
1110101100000
1001011100100
1101011110000
1111001010000
1100111001010
1011110011000
1100000001010
1100010011110
1100011101000
0100101101000
1000110111110
1010000111100
0010100000100
1000101111010
1111111010000
0000100101110
1010110100000
0110111110000
1101000010000
1111011110000
1111010111100
1111110011110
0101110001000
1000100101000
0000101101100
1101001111010
0010000111010
1111011101100
1011011011110
0000011110000
1011001001010
1011000011010
1110010001110
1101110101000
1101000101000
1110011011100
0010010111110
0110000110000
1101100000100
0101111011000
1110111001000
0111010011100
1101010111110
0100110011010
1100011001110
0001101010100
0101100011000
1001010011100
1000010011010
0100110101010
1010110010100
0110011111000
1111010011010
0101000101100
1001101000100
0001101111000
0111111101000
0101000101110
1010001001000
0010000011010
0000101011110
0110111001110
0100001001010
0111001010100
1010110101010
1000001100100
0100000111000
0011110100000
1111111100100
0000010010100
0011000010000
1110000111110
0001110000100
1010100011110
1100001110000
1100100011110
0011001101100
1001111101110
1110000100000
1101100111000
0110001000000
0000000000000
0100100011100
0110010010000
0011111011110
1101011001010
0111100101110
1010111011010
0000001000100
0101101111100
0110011010100
1010100000000
1011111100000
1000010111000
0001010100000
1011100101000
0011101000100
0100101000100
0111101101110
0101101100000
1001000111000
0111001111000
0100100000000
0011010101000
1110011110100
1111100110000
1101010001100
1110111101110
0111111100100
1100111111110
0010101001110
1011101101010
0111000111010
1010111101000
0101010011000
1010001111010
0001001011010
0110000011000
1101001111100
0001011111010
0001110111000
1001001001110
0111100001000
1111011011110
1111011101000
1011001110000
1011010011000
1000011001100
1001011101110
0000110011000
1111011101010
0111110101010
1110010101100
0100111011010
0001110110100
0110110001000
1110100001010
0100010000000
0111101110100
0101101010100
1100011111110
1111100101010
0100111011000
1000110111000
1101000011000
1110101111000
1011101011000
1000111110100
0111001010000
0100001110100
1111111011000
1100011010100
0000110111110
0100010011110
1100001000000
1110001001110
0010101010000
1010101101110
0111101001010
1100010011000
1000101100000
0100101101100
0011011000000
0001101111110
1110000001110
1001000010000
1111001101110
0101010010100
1011000000000
1111111010100
1100110001110
0000110100000
1100001011110
0010010111000
1111100011110
0011100110000
0100100110000
0101001000000
0110100111110
0000001101110
1011010010100
0111001001110
1001101001010
0000101101010
0111111000000
1101101010000
1011111001100
1100111001100
1010100101100
0000000101100
0010111101110
0001011001100
1111100000000
1110001101000
0101100000000
1010110011100
0101111001010
0010000010000
0100000010000
0110111000100
1111001110000
0010101111100
0111010001100
1101100001110
1110011111110
1100110011100
1100010100100
1101110111010
1010101110000
0101011101110
0110010001010
1000100110100
1110001011000
1110000110100
0000111011100
0100110001110
0010110001100
0101000010100
0001110001100
1111000001010
1101000110100
1011101110100
1101001011010
1000001111100
0101011011110
1010011000100
1111110001000
0011001001000
1101111011000
0010011101000
1000101101010
0010111110100
0111101011000
0010101100000
1110101011100
1001100111110
0011010111100
0110101010000
0011110011010
1010010101000
1001101110000
1110100001100
1101110110100
1010001001110
0001110010000
1110110111000
1001100100000
0110011101100
1010011111010
0001101001100
1001000101100
0011000101010
0010000001110
0111000101010
1011001101000
0110000001100
1100110110000
0110000010100
0110101001100
1110100010000
0001100011010
1111011001110
1100111100100
1000101011000
0011000010100
1100110101100
0010011011000
1010111010000
1011110111010
1000000010100
0101111111110
0000110010000
0001100011100
1011010011100
0011101101010
1010100111000
0101111111100
0111001001000
0001011010100
1000100001000
0101001111110
1010001010100
0110110001100
0100111101110
0010100110000
1011101101100
1010001111110
0100001011100
0111100011100
1001100001100
1000010100100
1110101101100
1000110101100
1000110000000
0011000001100
1101001100100
0010101001010
0001100101010
0010001011110
1100100111100
1110110000100
1101101001000
1011101011110
0010101001000
0001000111100
0111101110000
1000111001110
0010001110100
1111000111000
0001100101000
1011101000000
1110000000100
1101101101100
1101000011110
0011100111000
0001100100100
0011010001010
1010000110000
1100010101010
0101010111010
0010011101110
1011011001110
1111111011110
0110100110100
1011000000100
0010100011000
1010111111100
0110001111110
0111110011000
1010111111110
1000000110000
0001101100100
0000011111100
1010011001010
0000000111000
0000001101000
0110110111100
0110100101010
0010111111010
1111110010000
1011001011000
1101010101100
0110100101000
1010101100100
1001000000100
1010100111010
0001011011000
0110100111000
1011011010000
0010011110000
1101111101000
0010110101000
0100100100100
0110111011100
0001000001000
0000001111010
0100011001100
0100010111100
0000100111100
1010011001100
1011000111110
0111101011100
0000010001000
0100011001110
1100010110000
0111111111010
1110100100100
0101001001100
0100101111000
0101000100000
1101111001110
0000111101000
0100101111010
1011110110000
1100011000000
0001010011110
0110111000000
0101110101100
1001110001010
0110011100100
1110101011010
0100000011010
1011011111000
1101001000000
1110001011100
0011110101100
0000010001010
1111000001100
0100011010000
1001010111110
0001001110000
0011000100000
1010000101010
1111001100100
0010000000100
0110010000000
1000001111000
0111011111100
0000001011000
0101011001000
0001001101100
1001000101010
0011011110100
1000000001110
0010000001000
1110100011010
1010110001010
1111101111110
1001001101110
0001101001000
0101100111010
0010010011100
0101011110100
1101100100100
0110000001000
0001111100000
1010010010000
1110110111110
0111010100100
1010011100000
0011001011100
0000111000100
0110010101110
1010000011000
1000101011100
0011101011010
1010100001100
0000111001010
1110000101100
1110111100000
1011001111100
0001110101010
1101010000000
1001111111100
0111000101100
0110110011110
1111011001000
0100101011000
1111100111100
0000101110100
1101101011100
1111110101110
1001100011000
0001011101000
1101101101010
0000110000100
0001000110100
1011100110100
0101001111000
0101010000100
1100101001000
0001000111010
1010011111100
1111001011010
0011000011010
1001100010100
0111011011010
1110010010100
1000001001000
0011001100100
0000010111010
0011111111000
1100101000100
1111010110100
1010010001100
0010001000100
1011010101110
0011010010000
0101111101010
1111000100000
0011110001000
0111100011010
1111000011000
0011011001100
1100001001100
1111010111000
0100000100100
0010010101010
1001111010000
0110110100100
1011100001010
0000101010000
1001101011010
1011110011110
0111000011110
1111101001110
1001110001100
1001001011100
1100000001100
1010101111110
0100110110100
1010000100100
0101110011100
1011010000100
1011000001110
1111001010100
1010100100000
1101100011100
0111110001110
0101101001010
0011100111110
0010010100100
0000001100000
1001001011110
0111111001100
