0111001110010
0000010001110
0101000111000
0001010101011
0110001101000
0110111101010
0111001110001
0010000101100
0101100001111
0011100010010
0100110000000
0100100001010
0101011010001
0100010100100
0111111101111
0100000011110
0101100001100
0111010000000
0001010101001
0100110011111
0010011001010
0101100010001
0001111100110
0100000101101
0000111010010
0110100010001
0011111011011
0010110000011
1001010111010
0100110101111
0001000011111
0100011000101
0100010010101
0011011010010
0101011100000
0101101110111
0011111011000
0010110000000
0001111100101
0110111101001
0101010110010
0011011010001
0010110011111
0111100100101
0111100100100
0100001001110
0101001101010
0110010011001
0001101101111
0010100001010
1001010111000
0101100010010
0111101111001
0110101011101
0011110000100
0001110011110
0011001010101
0011010110010
0111100010100
0101011001111
0001000011100
0001000101111
0001001010111
0010111001101
0011000000111
0011111101001
0110011100001
0001101000010
0001001010100
0110010010111
0110001011010
0010001001101
0011100001110
0111010110000
0111010110001
0001110101110
0011011111110
0110000000010
0101001100111
0111111110001
0111110111100
0111001101101
0110100001110
0101000110101
0111100101011
0111000111101
0111110111101
0001100000111
0101111110000
0101101111011
0100010101000
0001001101001
0101110110111
0100011111010
0011111010100
0100111010100
0010011000101
0011011100010
0001010100110
0111110100000
0000010010010
0001011100011
0100100111001
0011111110001
0110011001000
0001100010011
0111011101010
0111110100011
0110000011111
0001111001110
0010100111111
0010010001110
0101101011110
0000011011110
0101001110010
0100011110111
0001100010000
0111011101001
0100100111010
0000110101000
0000100001001
0000100001000
0011101011100
1001011101000
0110110000011
0101000001001
0000011000011
0001001001110
0101010101010
0000010111111
0010001100100
0101000001010
0000011000000
0000011000001
0100111010011
0010110110100
0010001010000
0101110001011
0110011000110
0001001010011
0101111101100
0101010000010
0101100111101
0100111100000
0000000011100
0011000000011
0011111101100
0100001111101
0111011100111
0000100000110
0011110000010
0000101110001
0000011101100
0100111001111
0011010010111
0001111010010
0001111010011
0001000110011
0001000110010
0000011101111
0010000110111
1001011100100
1001011000000
0111000000110
0011100100110
0111001010111
0010101101111
0100101101000
0010100000100
0010110111011
0001011000101
0011011000110
0011101110101
0000100101110
0100110110010
0110111110000
0000010100001
0111110000111
0001100111001
0101111010101
0100100110101
0101110001000
0010011100001
0000101101100
0010111100101
0010011111101
0010000111010
0100100110110
0110110110011
0001010011001
0000011110000
0010001101011
0101001011011
0010010111110
0100101100101
0111110001001
0011011001001
0101111011001
0110000110000
0101110000101
0110101111011
0101111011000
0111010011100
0001101110101
0101110000110
0000111100111
0010101010101
0010101110111
0101011010111
0111111100110
0001101010110
0100110011001
0000100110011
0101100011011
0110100100111
0100110011010
0111101010011
0001010010001
0111010000101
0001101010100
0000100110001
0101100011000
0100000000101
0001110001001
0010011001111
0010000010101
0100110101010
0110011111000
0101110100010
0101110100011
0100000000110
0101000101100
0001001111101
0001101111000
0110010001101
0111111101000
0100011011111
0011100101001
0101000101110
0010000011010
0000101011110
0010000100101
0110010001111
0110111001110
0100001001010
0010100001111
0001110000111
0110001100011
0111001010100
0100001001001
0011111000011
0000111010111
0100000111000
0010110000111
0011110100000
0000111010101
0111010001011
0111100110011
0000101000001
0000010010100
0011000010001
0011000010000
0011101001001
1001010110000
0110011010111
0011001101111
0101010100101
0110100011011
0001110000100
0010001011001
0100100011111
0011001101100
0101100010101
0011110000001
0110001000000
0000000000000
0100100011100
0110010010000
0001011110110
0011111011110
0010110001001
0111000110110
0111100101110
0111000110111
0011001010011
0011010100101
0101100100111
0000001000100
0101101111100
0110011010100
0101101111101
0011101000111
0110011111011
0100101000111
0001101011001
0011011100101
0011101000100
0100101000100
0111101101110
0010011010011
0101101100000
0000001001011
0111001111000
0100100000000
0000011011101
0011010101000
0000110001111
0001011111001
0111000100010
0110111010001
0100100000011
0101000110001
0111111100100
0111000100001
0101100101001
0110110010010
0100011101101
0010101001110
0111000111010
0110110000110
0010001100010
0100111101011
0101010011000
0001001011010
0110000011000
0001110111000
0100111010110
0111100001000
0001111001011
0001110111011
0110010100010
0011101101101
0010001111111
0000110011000
0000011011011
0011001110110
0001100010101
0111110101010
0100111011010
0001110110100
0000011101001
0110110001000
0100010000000
0010111000110
0111101110100
0101101010100
0101101010101
0001100100011
0001000100111
0000101100111
0001110110110
0100111011000
0101010011011
0110101010110
0110101010111
0011001111011
0111011101111
0111100000111
0011111100111
0110000101001
0011001111001
0000100000010
0001100111111
0111001010000
0100001110100
0000011100110
0010110110010
0000110111110
0010111110001
0100010011110
0010101010000
0010000111101
0100110100101
0111101001010
0100101101111
0100000110111
0110110111001
0010101010011
0001100100001
0011100101101
0111101001011
0110000100110
0100101101100
0000100011101
0011011000000
0001101111110
0111111011101
0000010100110
0110000100111
0101010010100
0000110100001
0001011010011
0010110101111
0000110100000
0000111111101
0011000110101
0010010111000
0011100110000
0100100110000
0101001000000
0000001101111
0110100111110
0000001101110
0101001011101
0111001001110
0000101101010
0111111000000
0001010001111
0110101100001
0111000001111
0011101110010
0000110100010
0000000101100
0010111101110
0001011001100
0101100000000
0011110100111
0101111001010
0010000010000
0010110010001
0110011110010
0100000010000
0100000010001
0100101111111
0110111000101
0110111000100
0010101111100
0111010001100
0111111100011
0011100011101
0101011101101
0110111000111
0111101010110
0000010000011
0010000100001
0101011101110
0110010001010
0100011011001
0101110010110
0001110001101
0100000100010
0000111011100
0100110001110
0010110001100
0101000010100
0001110001100
0100110001101
0110001111001
0011011011101
0101011011110
0110100011101
0001001110111
0011001001000
0010011101000
0101011000011
0101010111101
0000100100101
0100010110110
0101000101011
0010111110100
0101011110011
0111101011000
0000100100111
0010101100000
0110111001011
0000110001011
0100001000011
0011010111100
0100101010001
0110101010000
0011110011010
0110001001001
0011110011011
0100101010010
0001010110101
0111010111111
0001110010000
0101101100110
0110011101100
0110110010101
0010111000011
0011110101011
0001101001100
0011000101010
0101101100101
0010011010110
0010000001110
0111000101010
0001010110111
0110000001100
0110000010100
0110101001100
0011010100001
0001100011010
0111001100010
0100010111011
0100011100110
0000000001011
0011000010100
0011101001101
0000010011101
0010011011000
0011110010101
0111001111111
0101111111110
0001001000001
0111001001011
0000110010000
0111100000010
0001100011100
0100101001001
0111110101101
0011111111101
0111100000011
0011101010001
0011101101010
0101111111100
0111001001000
0000110010011
0110101100101
0101101101011
0000010110001
0001111000010
0100010001001
0001001000010
0111111001011
0101001111111
0101001111110
0110110001100
0110010111011
0100111101110
0010100110000
0011100110101
0110110001111
0100001011100
0010100110011
0010100110010
0000101111111
0000100011011
0111100011100
0011110001111
0101100110010
0110010110101
0101010001101
0110011011001
0000000010010
0011000001101
0011000001100
0111011000011
0100001110011
0110010110110
0100010000111
0011010000110
0011111100010
0110011011011
0000000010001
0010101001010
0001101001011
0111110010111
0001111000001
0001100101010
0010001011110
0001111011101
0011001100001
0010101001000
0001000111100
0111101110000
0010001110100
0001110111101
0001100101000
0100111000010
0111000011001
0110110100001
0010111110110
0011100111000
0001100100100
0000000110110
0110111111111
0111111000101
0011010001010
0101010111010
0010011101110
0110100110100
0100000111111
0110110100010
0010100011000
0100001110001
0110001111110
0111110011000
0111001000101
0010100011011
0000101100010
0110111111101
0001101100100
0101000010111
0000011111100
0010011110010
0000000111000
0101001000110
0000001101000
0110110111100
0000000111001
0101101001101
0110100101010
0010111111010
0110100101000
0010100010110
0110101100110
0110100111000
0101111000111
0111010010011
0010011110000
0111010010001
0000111111001
0010110101000
0101001000101
0010010110011
0100100100100
0110111011100
0001000001000
0000001111010
0111101011111
0100011001100
0100010111100
0000100111100
0000101001101
0011000111111
0111101011100
0000010001000
0000001100101
0100011001110
0000101001111
0111111111010
0010110010110
0101001001100
0000111101011
0100101111000
0101000100000
0100000101011
0000111101000
0100101111010
0001010011110
0110111000000
0101110101100
0001000000110
0000001010110
0110011100111
0101011111011
0000101010011
0011000100011
0011100010111
0111010101001
0010000000110
0111100111111
0110011100100
0101011111001
0001111111111
0100000011010
0111010101011
0000110110101
0001000000101
0011110101100
0000010001010
0100011010000
0111101000001
0000001010101
0001001110000
0011000100000
0010000000100
0110010000000
0111011111100
0000001011000
0101011001000
0001001101100
0011011110100
0110001001111
0111100100010
0111010100111
0010000001000
0001101001000
0101100111010
0011011110111
0110100000101
0000000001101
0010000001011
0010001000111
0001010110011
0010010011100
0101011110100
0110101000111
0110000001000
0101001100011
0011010111001
0001111100000
0111110110110
0111101100001
0111010100100
0101001100001
0011001011100
0000111000100
0111111110111
0110010101110
0100010100011
0101110110011
0011101011011
0011101011010
0100101011011
0000111001010
0001100000001
0010010011111
0001010101101
0111110111011
0001110101010
0011011111011
0111000101100
0110001010010
0110110011110
0100011100001
0101110110001
0110100001011
0110000010011
0010010000001
0110011101011
0100101011000
0100011100010
0000101110100
0010111010111
0000010110111
0000011000110
0010101000010
0010100100110
0110101110010
0100001010111
0100100100001
0000110000100
0000110000101
0001000110100
0110010101101
0011101100011
0101001111000
0101010000100
0001000111010
0010001110011
0011000011011
0011000011010
0010111011001
0100100010111
0111011011010
0101010101111
0011001100100
0100001100101
0010001110001
0001011101011
0111110010001
0000010111010
0110011000001
0100001011001
0111100011001
0101100110110
0011111111000
0101111101001
0110011011101
0010001000100
0100001100110
0000000010111
0011010010000
0101111101010
0011110001000
0111100011010
0011001100110
0011011001100
0100010010011
0010010101001
0100110111001
0010101101001
0010110111101
0101000010011
0100000100100
0011011001111
0100111001001
0010010101011
0111000000001
0010010101010
0000101111011
0110110100100
0001101110011
0010100101011
0110000111011
0100111110110
0101000010001
0011010001101
0100101100011
0010111111111
0000101010000
0111111010010
0100111110101
0110100110001
0010101011111
0010100000001
0111000011110
0101111000010
0011110110111
0010010100111
0100110110111
0001001001011
0111010010110
0000111110011
0111010010101
0000111110010
0100110110100
0010110100010
0101000001111
0001011011111
0101111000001
0000011110110
0101110011100
0001010000011
0111011010101
0110001110101
0101101001001
0101001010010
0101110011111
0000011110101
0110100101101
0111110001110
0101101001010
0011100111110
0111011010110
0000110101101
0010010100100
0000001100000
0000000100011
0000000100010
0001011000010
0111111001100
