1011010001
0011100110
1000101000
0110101011
0010001101
0110000111
0010100100
0101000000
1111100100
0000011100
0010011110
1000111010
1010110000
1010001001
1001110000
0001010100
1111111111
1111110101
1100101111
1000100101
1101011101
1011011100
0100100010
0000111101
0011000011
0011110101
1101100110
0000010001
1100001001
0011111000
0110010000
0111010110
1011100001
1100011000
0010001001
0101101001
1101010001
0011101100
0100101110
0110001100
0110110100
1111001010
0000100000
0101110110
1001001110
0101111000
1100000100
1100110110
1100111001
1111100011
1000000010
0001011010
0101011111
1110101010
0010110011
1110100000
1010101111
1110010101
1110011111
0000001011
1111010010
0101000111
1111001000
0110111001
1101101100
0001111111
1110111100
1100000011
1001001000
0111001101
1010110110
1001000101
1001110110
0100011010
1010000100
1011111101
1000000000
1111001111
0100100101
1001101011
1000010111
0111010011
0010000010
0001100111
1011011011
