1011010001
0011100110
0010001101
0110000111
0010100100
0101110011
0000011100
0010011110
1000111010
1010110000
0001010100
1111111111
1100101111
1101011101
1011011100
0000111101
0011000011
0011110101
0000010001
1100001001
0011111000
0111010110
1100011000
0010001001
0101101001
1101010001
0011101100
0100101110
1111001010
0000100000
0101110110
1001001110
1100000100
1100110110
1100111001
0001011010
0101011111
0010110011
1010101111
1110010101
1110011111
0000001011
1111010010
0101000111
1111001000
0110111001
0001111111
1100000011
0111001101
1010110110
1001110110
0100011010
1011111101
1111001111
1000010111
0111010011
0010000010
0001100111
1011011011
