10011110101
00001100000
10001101111
00101001110
00101110100
11110100010
10100100100
00011110100
00000011100
11110101111
00110011000
11011010011
10010111001
10110000000
11011101010
11000110111
00011011000
00111011101
00001101000
10111011000
10010001001
00110000100
00011000111
00010011011
11111101100
10101111010
00100000010
00100110101
00101000101
10100001111
00011111110
10101000000
11001000110
11110111101
10110010111
11000011011
10001000100
11111100111
11000001001
00101110011
00101111101
00100011001
00101011011
11001111100
10001010111
11010010001
10000000101
10000010010
00110010100
10110010011
00010001010
00011101101
11010010111
10100100001
10101100110
11001100101
11000111000
10100001000
11101101010
10111001001
00110111110
10010010000
11011001111
11100111011
11110011010
10110100111
10010101011
00010101000
10101010001
00000110000
10111001110
00010010101
10111110111
11101111111
10100011101
00100101010
10011100011
10011101100
10101010110
00001000110
00111001010
10110111100
11111101001
10111000011
10001110001
11010110001
11100101110
00100010110
10111111110
00101101100
11011110010
00001110111
00110110001
11110000101
00100010000
11101001000
10001011010
10101011100
10101101001
10000001101
11001010001
10000111110
00000100111
00000111011
10011011100
11100010001
11100010000
00110101100
00110100011
00111100110
11011011001
10111100000
11010000010
00111111011
10111111001
01011100110
00011010010
11101001101
11101000011
11100110111
10000101101
00110101111
10000100010
00000000001
00001001001
11111010100
11010001110
10011110000
11100001100
10010011111
11010100000
10110100010
10010000100
10010110110
11100100100
00111000001
00001111001
10001001000
11010101101
11100111100
00000001110
11000010100
11101110000
11101011110
10001001011
