00001100000
00101001110
00101110100
11110100010
00011110100
00000011100
11110101111
00110011000
11011010011
11011101010
11000110111
00011011000
00111011101
00001101000
00110000100
00011000111
00010011011
11111101100
00100000010
00100110101
00101000101
00011111110
11001000110
11110111101
11000011011
11111100111
11000001001
00101110011
00101111101
00100011001
00101011011
11001111100
11010010001
00110010100
00010001010
00011101101
11010010111
10101100110
11001100101
11000111000
11101101010
00110111110
11011001111
11100111011
11110011010
00010101000
00000110000
00010010101
11101111111
00100101010
10101010110
00001000110
00111001010
11111101001
11010110001
11100101110
00100010110
00101101100
11011110010
00001110111
00110110001
11110000101
00100010000
11101001000
11001010001
00000100111
00000111011
11100010001
11100010000
00110101100
00110100011
00111100110
11011011001
11010000010
00111111011
01011100110
00011010010
11101001101
11101000011
11100110111
00110101111
00000000001
00001001001
11111010100
11010001110
11100001100
11010100000
11100100100
00111000001
00001111001
11010101101
11100111100
00000001110
11000010100
11101110000
11101011110
