100100110000
000010000110
010011011101
010001111100
011010000001
001110101111
000010111001
011101000111
001001011110
010100101101
000100000011
001110110010
000001010101
011001100010
001101110101
010100101011
010010100110
100011010000
010001110111
011010110111
011100001111
100011110101
100101001100
011100010100
001111011011
000000010010
010110110011
001010001010
001000110011
001011001101
010010010000
010101110001
100110011011
001110011000
010111010110
100011001001
011111010001
100001101011
010111001010
011011101110
100100100110
001000010110
011011110000
001000100100
110110110101
000010110100
010000001111
100010111110
001100111000
010101111110
011000011010
000100011111
010110101100
100011001111
011001011001
000110001100
011010111011
011101011100
011101101000
