101010010111
000010000110
010011011101
110101000010
110000001000
000001001000
010001111100
000101111111
011010000001
001110101111
000010111001
011101000111
110011111010
001001011110
010100101101
000100000011
101011011011
001110110010
000001010101
101010011101
011001100010
001101110101
000111100010
110011000011
110110000101
010100101011
010010100110
000111100001
101101110000
110100011110
110110101011
010001110111
111101110011
011010110111
011100001111
101101011101
101001111110
110000110000
100101001100
011100010100
110011111101
001111011011
111111111010
000000010010
010110110011
001010001010
001000110011
001011001101
010010010000
010101110001
100110011011
110111100100
001110011000
010111010110
100011001001
111000100011
011111010001
100001101011
010111001010
011011101110
100100100110
001000010110
011011110000
001000100100
110110110101
000010110100
010000001111
001100111000
111110111100
010101111110
111110000000
111010001111
000001100101
011000011010
111001000100
110101011001
111110011001
000100011111
101111010110
111011100101
111101101111
010110101100
111000111101
100011001111
110000010111
011001011001
000110001100
011010111011
011101011100
011101101000
