100100110000
000010000110
010011011101
010001111100
000010111001
011101000111
001001011110
010100101101
000100000011
000001010101
001101110101
010100101011
100011010000
010001110111
011010110111
100011110101
100101001100
011100010100
001111011011
000000010010
001010001010
001011001101
010010010000
010101110001
001110011000
100011001001
100001101011
010111001010
100100100110
001000100100
110110110101
000010110100
010000001111
100010111110
001100111000
010101111110
000100011111
010110101100
100011001111
000110001100
