01101111
01100100
00111101
01000010
11001110
00010000
10111110
10000010
10010001
01011101
00100001
11010010
00101011
10101111
00001101
10011010
00110101
11111011
01000001
11000100
01111100
00010011
00111000
10010111
01011011
11011110
00101001
00000100
10000101
00110111
01001000
11000110
11001011
01110001
00011110
10011111
10001001
01010111
11011001
11010111
10101011
01100110
00101110
00000111
01001111
01111010
10111001
00110010
10011100
01010100
00001010
01101010
11010000
