01101111
11100101
10101100
01100100
00111101
01000010
11001110
00010000
10000010
10010001
01011101
00100001
11010010
11101000
00101011
00001101
10011010
00110101
10110001
11111011
01000001
11000100
11110110
01111100
00010011
00111000
10010111
01011011
11011110
10100110
00101001
00000100
10000101
00110111
01001000
11000110
11110010
11001011
01110001
00011110
10011111
01010111
11011001
11100011
11010111
01100110
00101110
11101101
10100000
00000111
10110100
01001111
01111010
11111101
10111001
00110010
10011100
01010100
00001010
01101010
11010000
