11100101
10101100
00111101
11001110
00010000
10111110
10000010
10010001
00100001
11010010
11101000
00101011
10101111
00001101
10011010
00110101
10110001
11111011
11000100
11110110
00010011
00111000
10010111
11011110
10100110
00101001
00000100
10000101
00110111
11000110
11110010
11001011
00011110
10011111
10001001
11011001
11100011
11010111
10101011
00101110
11101101
10100000
00000111
10110100
11111101
10111001
00110010
10011100
00001010
11010000
