10010101110110
01011110111100
01101001000000
00101001001110
00110100111010
01101100011000
01101011010100
01011110111111
00110001100010
01010011010010
01101001000011
01111010000110
00010001001011
00001010100000
01001000000110
00111010010111
00110111010011
00110010001101
01000001100111
01111111111010
00110011110110
01111010000101
00100110010100
01000101000000
00011001001111
01110010000000
01101000111101
00100110010110
01101110111101
00111101000000
00000001110100
01111001111000
00111001100110
00100100000000
00100001001010
10011001011100
10000010011000
00111101000011
00010001001000
01001000000101
01001110000101
00101001010001
00011100000110
01010011001100
01010011001101
01100000111000
00001101010110
00100010100011
01101111000010
00000000001110
01110100101011
00010000100111
01011100101010
01010011100000
00000001110111
00000111110111
00101100111011
00111000000000
01100000000111
00001111100011
10011101001000
00001110010110
01100011100011
01110001000001
01000110000011
00100010010000
01111101111110
01100110111000
01001101000111
00101010100101
00111111010100
01000001010110
01010000000100
00100001001000
10010110110100
00110001010010
00000010001010
01101100101000
01011010111010
10010100100011
00001111010001
00000111001011
10001111011110
00001100000000
00111011100001
01001110111011
10011110001110
10001001011100
01001000111010
01100101000100
00001111010010
01000110000000
10000110110110
01110011100111
00101001100000
00001000010111
01000000000011
00110010010011
01101101111101
01110100011001
00101111100010
10011010011110
00111010100110
01110101000111
00110111001101
00101011110101
00110010010000
01010101000000
01111011010101
00011010010101
00100010001001
01100100111101
01100111010111
00111000111000
10011111110100
00100011110100
01110110000110
01001011100101
01111001000010
10011101100011
01111111000011
01100001100111
01111100011011
10011111110111
01110110000101
01001011100110
00110110010101
00011010100111
00010001110111
10011010101100
00001001001111
00110101100111
01010001010101
10011101100010
00100101010010
01100001010111
00000000010011
01111110101000
01010111010110
00001001100010
00110011001000
00000000100101
01011110000100
01111000101010
01001100111111
01000010100110
00001111001111
01001111010101
00010000001111
01001111010100
01010111010101
00001001100001
01010111010100
01101001111001
01111010111101
01101010000110
10000110101110
01001101000010
01001111010110
00110000010101
10010001011010
01010100101001
00101100111111
00010010100010
01001010000010
01001010000011
01010011100110
01010011100111
00111011001110
00101100111100
00101010001110
01010101111001
01010101111000
00011011110100
01011011010011
00010011110000
01001011001101
00010001010011
00010001010010
01010010100101
01010000111111
01100011010000
00111010001101
01111111000000
00101011011101
01000100111011
00010100000101
10000101011110
01011011001111
00001011001010
00000101010101
01100011001110
01100010000001
01100010000011
01110011001110
00001101100101
00101011011100
00100110010010
01101100011110
00110111010111
00101011101110
00110010001010
10010110011101
00101110100110
01110100111110
00011011100011
00110111010100
01110111010101
00110010001001
00011011100000
01110101000010
00100000100010
01111001111101
10010101110011
01001010010111
01101001000100
01000111100010
00111111100000
01101100011101
00101110100100
00100010110111
01001010010100
00110011110001
00001110000011
00000101001001
00000010010001
10010110101111
01011000111001
01101110101001
01001101111101
01100110000000
10011110010100
01110111111000
01010010111001
01101110101010
01010101111110
01100000111111
00111101100111
00111000000110
00000111011101
01100000111100
00110101000001
00101000010110
01011100101111
00101001010100
00101001010101
01110001100101
01110001100100
01011111000101
01010100011010
01001101111110
00111000000111
00100011011010
01110100011110
00100111001110
01001101000001
00110011101111
00011000010101
00100010010101
01000000000110
01010000000001
01111011001100
01000111000001
01000000000100
01110001000110
01101100110001
00010001110100
01011111100111
10000101101000
01011001111000
01011001010100
00011011010001
01000001001100
00001011101001
00110011011101
00110110000011
00110001001011
00011001010110
10011111011000
01111110110011
00101000111011
00101111100111
01101100101110
01100100000110
00110001001001
00110110000001
01001010100101
10011111011011
00101011110000
00100000000001
10011010011000
01001111111010
01111101111001
00111101010101
00000010001101
01011110101011
00100001011100
00001111010100
01010111001101
10001001011010
00110000001111
00001000010010
01010011010111
00001000010001
01111000111110
10010111101000
01100001100000
01101101101011
10011010011100
00100100111110
00111100011010
10000110010010
01001100101001
00000100001101
01101111111100
01010111111011
01000011011110
00000000100000
01000000111001
01000001001001
00001011101101
00000010110110
00000000010100
00100001100100
01111110101110
01110010100100
00111011100010
01100011110101
01100101000110
00110000010011
00000010110101
00001100000101
00110011011111
00000000010110
00101000001101
00111011010111
01001110111100
00011010010011
01000011101111
00001110100101
10010100110100
01101010000000
00111100101011
01001100011001
00111110111100
01010111010001
01000100000111
10010100110110
00000001011011
01011110000010
01111011010010
01110000000000
00001011110011
10001100001100
00101101000110
00101101111010
00101101000111
00010001110011
10000010111100
01101111111111
10011101100101
01110000000010
00110100000110
01011101111011
01100001010010
00100101010110
00010000001010
01110010010111
10010111101011
01110011010100
00011010001101
00111100101000
00111111010010
00100010001111
00011010001110
10001011111000
00011010001111
00010000001000
00101100111001
10010011101100
00110110100101
00101010001011
01111001010100
00001011011111
01100111000011
01111001010110
01110110111100
00100100010110
01111010111011
10000110001110
00011001100101
00101110000001
00101011001000
00100110111010
00111101100101
00110001110111
01010101010101
00011001100110
01101110011010
00100000100111
01010110111010
01100011001011
01011011001010
00110111100111
10010111011110
01000110100101
00010011101011
10001110101100
00001001110101
01100011001000
01001011010111
00010011101001
01101101000011
10011110100010
10010101001011
00100101100001
01011100110110
01111000011010
00010100000000
01010110111000
01101111010101
00100111110110
10011111100000
00101001000010
10011100000100
01100000010101
01100000010100
00011001000000
00001101111011
00101110100000
01110111010010
01111010010110
00011001000011
01110011110110
00100011010011
01010010111100
01001010100011
00100100001101
01110111010001
00001111110000
00100100001110
01011001001110
01001000011011
01011111001110
00111111111000
01010110101011
01001110011010
00111101100010
01000010001001
00111110001111
00111101001100
01100000100101
01010011000010
10010011011100
01011001010001
01100000100110
01100110011001
00111101001110
01010100000011
01011111010001
00101011101011
00010011010000
01000101010011
00100011001101
00101110010011
01011001010011
01011111010011
01110111111101
01111111101011
00000000000010
00101011101000
10000001111010
00010000110101
01000111000111
01001111100011
01111010100100
00110001000000
01000110001101
01011111100010
01100101101001
00001101000111
01100101101010
10010110100101
10011110011101
01101011001000
01111100111111
10010111111100
01010000011001
00000100100001
00011000010000
00110011101010
01011011110101
01111100111100
00111010110111
00000101110011
00100000001011
00010011001110
00001110000111
10010100101110
01010010010011
01110101011001
01100100000001
01111001100101
10010101100100
00100111011001
00101010110101
01011100000110
10011011000100
01011100000111
01010110011010
01011011110110
01111000110100
01111110110100
01100010111110
01100010111101
01100110101011
01001101010100
01111000110111
01111110110110
01000001000101
01001000101001
00001100001111
01010010010000
00100110000111
00001011100111
01010111100011
10010101001110
01000110010101
01001011111011
00100101000010
00001011100101
01110000010110
01010111100001
00000000111011
10010101001101
00101000001000
00100111101111
00001100010001
10011101010101
10011101010100
00110101110100
00111001001010
10010100110000
00010010011001
01000011101001
00001111011111
00000010110000
01101000000011
00010010011011
00101101010000
01001111000110
00111100000011
01000010110111
01011010101001
01000100011111
01101100110100
00111111000110
01001100000000
00101101100011
00101101100010
10000110100000
01101010011011
01010101010010
01010010001000
10011100111101
01000011011000
10000011011110
01100001110101
10010101010001
01111011111110
01010010001011
00001001101111
00001001101110
01110000100111
01011101101101
01000011011011
01001101001101
10011101110011
01100001110110
00011011011011
01100111110110
00101101001101
01011110011001
00111110011001
10010100011100
00010100010110
01110110100100
00010001011111
00111110011011
01000101100110
10000001000100
00100100010001
00110101010000
01101010111110
01101111101000
01010110110011
00000001010000
00000001010001
10010100011110
01111110000010
00101100110010
01001011000000
01101001101010
01011101110001
01100111001001
00100110100000
10010011111010
00011000100001
01110111001011
00010001101010
10000010111010
01001011000011
10011011111110
00001001110010
01011101110010
01101110000001
01000101100101
00000010110011
10010111000101
10010000011000
01101101011001
01011001001000
01100001001000
01111100001010
00100000100001
00101010000010
00000011100010
00000001101000
01001010010001
01011111001011
00100101111000
00100111110011
01010101101000
00101110001010
00000001101011
01001001001011
00110000111111
01010001100001
00100100101011
01000000111110
01111000011111
01100011000010
01011011000000
01011011000001
01000100101001
00100100101000
00100100101001
00111011000001
00010100001000
00011000110110
10010110010011
00010000100011
01110111101000
01011011100010
01101111001010
00110001010100
01101110111011
00000001110010
00011000110100
10010110010000
01110001111011
01111101000100
00000010011111
01101011100001
00001111110110
00100000010000
00010100001011
01111101000110
00111010010001
01110100101101
01000010010010
10010000101100
01101000100100
00000111100001
00111010010010
01100101111100
00011011101111
01110011110000
00111110001000
01011100100011
01111010000011
00101110110111
00101110010101
00011011110010
01001001110110
01000001100011
00110011111100
10000001111100
10011110110101
01001001110101
01000101010100
10011110110110
01000010001110
00001010011011
00000111010011
01110001111001
01001110011101
00011100011111
01000010001100
00100010100101
00111101001001
00111101001000
01101011010001
00011011110011
10010011011000
00110100111101
01000010001111
01000000011010
01000011111000
01110100010011
10001011011010
10011101001110
00111001100011
01010001010000
00100011101001
10000111110010
01100100010101
00000100100111
10001000011100
00100010000100
10010110100001
01100010101001
01000110001010
01001101010010
01000001000010
01011101011110
00101011111110
01010001001111
01011101011111
01010101001010
01000010010000
01011100000001
00111110101010
10011111000110
10011110001001
01111100101001
00110110001100
01110100001101
00111011111011
01110011110011
01000001000001
01100101011101
10000101111000
01101101111000
01110010111011
01110100001111
00100000010011
00100011101010
00110111000110
01100001101111
01100011100110
00101111111001
00000011000001
01001010110111
10010100101000
01010111000011
10011110001011
00101111111010
00101101010111
00100100110011
00111000111101
00000100000010
00101111111101
01111011101010
01101111110011
01011000000010
00100100110000
01001001010011
01100101011010
01110010111000
01100111100000
01000100011010
01100111100001
00001110111001
00110000101000
10011101010010
00101010010110
01100100100100
01001000111100
01111110100011
01001100000100
00111110101101
01111110010101
00100001111010
00100001111001
01110100001011
00110000101011
00111010110100
00111111000001
01001101001010
01011001110000
00100011110001
01110110000011
00001001101010
01000000101010
00100101000101
00110010100000
00110100011010
01101111101111
01011000000001
00000110011011
00111110011100
00111001010000
00001011010000
00011010000010
01001001010001
01000010100000
01110000001110
00101101100100
10011100111000
00100111101010
10010101010111
00111110110000
00110101010110
01010010101110
00100000110111
01001011000100
10011100111011
01101011110111
00100110100101
01101110000101
00111101110110
00010100010010
01001101110111
00000010101001
01101110000111
00111100111000
01011100100101
00001000100110
00010100010001
10010100011010
00110101100000
00000010101010
00110110110110
10010110001101
10010110001100
01111001000101
01111101000001
00001101111101
01110100110101
00110111111001
01100010011010
01001001001100
01111111011001
00110111111011
00010010111011
00111011000100
01010000111010
00110001100111
00000011100111
01011010011011
00111011000111
01010111100100
01101000010111
00001100100010
01110011001001
01101100001111
01001010101110
00000111111011
01110001101100
01001110001011
01111101010000
00000010000111
01010100001110
00101000110000
10011100011010
01110100100110
01010101110100
01100010110010
01111101010011
01100101110111
01001000001000
10000100111100
00001101101001
01010010110001
00111010101011
01011100010100
10011100101010
00000001111001
01001010101101
01011110100000
01011110100001
00000111111001
01101001011111
01101001011110
01001111110001
01110111101111
01110101001000
01110100010100
01000111101010
01110001011100
00101110110001
01110001011110
01011011101001
00110011111000
01110111011110
00001111111111
01101000100001
01011011101011
00101100001011
00110011111010
01010101110111
01000101011101
01011101001001
01000001101000
00001010111101
01110111110010
01000011111101
00101100001000
00000111000101
00001000101000
01011101001010
00111101101101
00100100011100
01011001011111
01010110001001
01001111101101
01011111101110
00111001101001
01101100100101
00100001000111
00000100101111
01000111011001
00111000011110
10001011001100
10001110000100
01111010001010
00011100001001
00011011000101
01110011101000
01010001011000
00001101011001
01011110010010
01000010101001
01101011011011
01011000100000
10010110111001
01000010101011
01001001110001
01001001110000
01111010110101
00101001111111
10010101111000
01000110011110
00111000101110
01010010011100
00101000101100
00110000011001
00110000011000
00010011000011
01101101100010
01000110011100
01010010011111
01101101100001
01100010101101
01000100001011
00111011111101
01011001101110
01000000011111
00111100010010
10011111000011
01000001011001
00101110101100
01010001011010
00100110011011
00100000011010
01111001110100
10010101111010
00111100010000
01101100100111
01001100010101
00101000101111
00100111000101
00101000101110
01100001101011
01110010101111
01111101100011
01100100010010
01010111101100
10010111010101
01111110100111
10010111010100
01000110101111
01011111110100
01001111011011
10010101000011
01001000110110
01001110110111
01111000100110
00001000110001
00101101011100
00000011010110
00110011000101
01001100010010
01001001011010
00001000110010
01010111101110
01000100001100
01101111110110
01111011101110
01000000101101
00001100011111
01111011101101
01001111011000
10011101000111
01111100010111
01001011101010
00111100001111
00000001000000
01100100100001
00000011010101
10000010100100
01100110110101
00001110101111
01110110001010
01000100010001
01000100010000
10011101111110
10011101111111
01100110110110
00101010101001
01110110001000
01001100100011
01111011110000
00100100110100
01111011011001
01011001110111
01011111110111
01010100100101
00101101110001
01100001011011
01101000010000
00101011000011
01111101001010
00111101110011
00110000110001
00110101101010
00001011000110
01110010011101
01100001011000
01111000010000
00001000101101
01101110010011
01111000010001
01110000001011
01111110001101
00011001111111
01110000110100
00110110110001
00101000011001
01101011110010
01101110001100
00001100110111
01101111011110
01100000001010
01010100010000
00101111011011
01101010101101
01011010011111
01011010011110
00110001111101
00110000101100
01000111110011
01010001110000
01111110010000
10000000000100
01010001101101
00100111111100
01111000001101
01111000001100
10001000111010
10010110000110
10010110000111
01000110110010
00011000110011
01010001110010
01101110010001
01111111011111
10000101000000
01000110110001
10011111111010
00100110110001
01111111011100
01010110100000
01000000110011
00111010011101
01101110100110
00110111101011
00110111101001
00010000101101
01010000100011
00011001011001
00111001110001
00000001111101
00001010101000
01010010110110
01001101100000
10000010001100
01001010101000
01111111110001
01011000110101
01100100001000
01100011000101
01010110101111
00111000001001
01110100100001
01001110001110
00101001011011
00101100010010
10001010000100
00001101101111
00111000001010
01011011101101
01000010011101
01100010110100
00111101011001
01010011011001
00110100101110
00111010011100
00100101111101
01100101110010
01000000001011
01100000100011
00101111000111
01111110001001
01101011011101
01101111011001
00111101011010
00100010111011
00010011010101
00100110101110
00101111000100
00100100011010
00101100101110
01000001101110
01100000010010
01111111101100
10011100101100
00101000110110
00110101011100
00101100101101
10001010111000
01001110010010
00011001101000
01000100110100
10010010111000
01111010001111
00001010000101
01101010110000
01101010110001
01010011111011
00100010111000
00110100110011
01101001001001
01111011110111
00101010110011
01011000010101
01010001011110
01011101001100
00001100001010
10011111010110
01100011111010
00101111101001
01011010110000
00100001000001
00110001000110
01110010101010
01100011111001
00010000110000
10011000000100
01111101110111
00011100001110
00111001101100
00001111101010
01011100001101
10000100101010
01011000010110
01100110101100
01001001101001
00110111011000
00110010000111
00100000011111
10010111100100
01000000001000
00100011010110
01001001101011
00000011001111
01001110100010
00101001111001
00110010000110
00100000011101
01110011111111
00100011010100
01100101010001
10010100111011
00001010101011
01011101010000
00011000011011
10010000111100
01000101001011
00110111011011
01110101011111
01011100010011
00110110011110
00001000110101
00110011000010
00111110100001
01100010001000
01001100010110
01101010011100
01010101011011
00010010000001
10011101101001
01110011011011
01110011011010
01101000001001
01100111101101
01100111101110
10011111111100
01001001011101
00100101011011
01111000100000
01111001011010
00110100001001
01100001111111
01101001110010
00100101011001
00101001111100
01110110010010
00111110100011
01111000100011
00000110101101
00110110101011
10010111100111
01101111100000
00111001011111
00111001011110
01000101110001
01110110001100
00110010101101
01110000101100
01110000101110
01111100010010
00011010111111
01011111110000
01100111110000
00000110110001
01000011000001
00111000110011
01100111011100
00111000110010
00100011111111
00111001011100
01111100010001
01101001101100
00110010101110
01101010011111
00011000101001
01011011000110
01101001101101
00001001111011
01010100010110
00010011100101
00011000101010
10011010100100
01011010001001
01100000001101
10000101010100
01100000001100
01110000110010
01000100101100
00101110011111
00000011111011
00001010000010
00101101001001
00110101101101
01010110110101
00000001010111
00101111011101
00110000110100
01011100111000
01010100100010
01010001101011
01000000110100
00010000000101
10010001001100
01000101110011
01010111110101
00111100100100
00110000110110
00010000000110
01010101100011
01101110010100
00111011011000
01110101100111
01110101100110
10001101111010
00101100110101
01101100000010
01111101001101
01111001011000
01101101011111
10010110000010
00110001111010
01010000100110
01100100110111
00111010011011
00101011000101
01001010011000
00010010101000
01101010101011
01000101101111
10001000111110
10000101001100
00001010101111
01101000110011
00110100100101
01110001100010
00100101110101
00110001101110
01101001001110
00101011010101
01110001100001
01111101011101
00100010110010
01011011111001
00001110001000
00001110001001
01110100111000
01100000101000
00001000001001
01101110110010
00000101000011
00000100111101
01000001111010
00110111011100
00110111101100
00000001100111
01110111100010
01110010001100
01010000101000
01110100111011
00011100010100
01111111100101
00010010110011
00101110111110
01100110010101
00111010000100
01000001111001
01111010101000
00101011100111
01101100000100
01111111100110
01000010000101
01110001010011
01101000101100
10000111111000
00110101000100
00110101000101
00110011100100
01110111100001
01011100111010
00100010101100
01001101100110
00000010010100
10010111001011
01010000010111
01011000110010
00001010110010
00001010000001
00011011100110
00001010000000
00001000001010
00111111110101
01000011110011
01010110010100
01110101101010
00111000010011
01111101110010
01110101010110
01011100001011
01100011101100
01011000101111
01100100011110
01011001100011
01010001000110
00111000010001
10001110011000
10000101100010
01001001111111
01011100001000
01111100100000
00100011100000
01001110010101
10011111010001
01101011000111
00000011001001
00100010011100
01100110100111
00100110001000
01001001111100
01001000100111
00100010101111
00101010111010
00100110001011
10011110000000
01001000100100
01011000101100
01011010100110
01011110101100
00101100010100
01110010100001
00101011100100
00101000100011
00100000000110
01110010100010
01001111111101
00111001111010
00001101001000
01010111001000
00011011010100
00000011001000
00111010111010
00110010011110
00111100011101
10011111001101
10001111001100
00011001011101
01111101101110
01101100111010
00111010111001
00101111101100
01001011110100
01011010100111
00001100101011
00001111000001
01100100110010
01111100000101
00100001101101
01110110011000
01101101010101
00111100011110
00111000100101
00111110100111
01100101001111
00100001101110
01010010000110
00101111110100
01000100000001
01010100110100
10010111100010
01111111001111
01101010010101
00001001000001
00110010111001
01101101101100
00001001000010
01001100011100
10010111100001
00101001110111
00000100001001
01100111111011
01111000111001
01111110111001
10010001111110
01110000101001
01001001000110
00110000000100
01110110101010
01011010010010
00100100100110
01100111111001
00100001010101
01001110100100
00100101011111
00100010011001
00110100001100
10011101011001
00001110100010
01110000011000
01110000011001
00000000011101
01111011100000
00101000000101
01101111100100
01001100101110
00010010010110
01101001100111
00111100101101
01100111000110
00100011100110
01011000011010
01000010111010
01100100101111
01000011100100
01100111000100
00111001000101
00101101111110
01110010010001
00010010101111
01001100110000
00010010101110
01011100111101
00100110111101
00110110111111
01001011011110
01101000011100
00101110000110
00111101111111
10010111001000
00010011111111
01001100110011
01101000101011
00011010001010
10011010111100
00001011011001
00001010110100
00110111110000
10000111000110
00110100010000
00010011111101
00001101110110
01010100011101
01010100011100
01011011011100
00101011001111
10000000011010
00110101111011
01100010010011
10000101010010
01101010100010
00100001110000
00000111101001
01111000000001
01010000110011
01100011011100
01000110111110
01000110111111
00111010000001
01010011110100
00111011011101
00100001110011
01000101101011
00110001110001
01000101101010
00111100110001
01100011011111
01010001111100
10001000100100
01010001111101
10010110011010
00100000111110
01110101110010
01010001111111
01011010001100
01010111111110
01111110011110
01100010001110
01001111001001
00010100011011
00101011010011
00101011010010
01110101110001
01110101110000
00101010011110
01100110010011
00101110111000
00010010110101
01010100001000
01111010011100
10011110111010
01011001000111
01000101011000
00101111001011
01110101001111
01100110010000
01110001010101
01001000001111
01111001110001
00000010000011
00111111110010
01111101101000
01110101001100
00100110011100
00100110011101
01111001110011
00000111111111
00001110001101
10010101111101
00001010010111
00001110001110
00110100100010
00111001111110
10000101001010
01000111101101
01001110000000
00010001001110
00011001001001
01111010101111
00000000001001
01010011101010
01000011110111
01011111011000
00101100000011
01010000010000
00100100000111
01110111000111
01010011001011
00100100000101
01011110110110
10011100100001
10011100100000
00010001001101
01100101100011
01100000110001
01001000010000
00101100100001
00110011100011
01011001000101
10001101011100
10010110111111
01101010001010
10011110000101
01001001111001
00100111000011
01111001101111
00111110000100
01011000101011
01111010110010
00110111001010
00101010111111
01101101110110
01001000100010
00101001101000
00100111000000
01001111101000
10010110111110
00111011110110
01100100011000
01000111001100
01011001100100
01101101110100
00100001001101
00100001001100
00101001101011
01010111011111
01100100011011
01000111001111
00111000010100
01100110100001
00011100000011
00001101010011
01100110100010
01011110010111
00001000011101
00001001010100
01001010111001
01001010111000
01010010000101
00111111101111
01001011110010
00001100011011
00110001011001
01010110000010
00100101001010
00110000000011
01011011111110
00100101001000
01000111010010
01011010100001
01011100011111
10000100111010
01000110000110
01010000001110
00110001011011
00011000000111
00001101001101
01000001011110
01010100110001
01110110011111
10011111110001
10000101110110
10000110011100
01110010110111
01110101110100
01001011101100
00111011101100
00000110100011
10010100100111
01110011000100
10011100110100
01101101010000
00000110010111
00111000100010
01000011010001
00000000101111
01110011000111
01011101100100
00101101011000
01100111111110
01000010111110
01101110001000
01101010001101
01011101100110
01110110101101
01011110001101
01000011100001
00010001100010
01011111111101
01011000011101
00110101111110
01111001001011
01010101000101
00111111011110
00010001100001
01001011101111
01010101000110
01110001001101
00000001000110
10001001101100
00110110111000
00100101101111
00101100100110
00001010001111
00111011001001
00110111110111
01101101001110
10000111000000
01000100010111
00011010110001
00101111010000
01110000111101
01111111010110
01100010010110
01000101111111
01001100110101
01100110001111
01000100100000
10011010111010
01010100101100
01110110110000
01101111000101
00110100010111
01101000011001
01010011110001
01000101111100
10000100000100
01010100101110
01101000011010
00111011001011
00110111110100
01000110111000
01000110111001
00100111100101
00011000111001
00100111100110
01010110100111
01101011111000
00111100110110
10011111101101
10011111101111
00101111001100
01101101001100
01101001010110
01000111110101
00101010011000
01000111110110
00100101101100
10010001011100
00100001110110
10001110111110
10010111010011
00111100110101
01011011011010
