011000110101
010110101111
001000000011
000100110101
000010010011
101110111011
100110011110
011110110100
001010010100
000010001100
100110011101
100110011100
010100000111
001010010111
011001010111
010000110011
010100000100
010100000101
011001010101
011001010100
000010010000
110110110100
110110110101
000010010010
001010100110
010011000101
010011000100
001011000101
101110110110
001010100101
010000101110
001010011011
001011000110
000100111010
000100111000
011111010100
001100000111
000100111011
011111010111
010110110010
011110000110
001110011111
100110000000
001111010111
011110000100
001001010101
000010001110
001010101011
000010001101
001111010101
001111010100
001100001011
001000011111
001001010111
011010010111
011010010110
000100110111
100110000001
001110011101
100110000010
001110110000
010100110100
101110001011
001110110010
011000000111
000110101011
011000000100
000110101000
000100001000
000000101000
010100110111
000110011100
010101010111
000100001011
111110110100
000110011111
010010010110
010101010101
011010100111
010101010100
001100010011
111110110111
000110100101
000000100110
011000101111
110110110011
100110110010
000110000000
000010100000
000000011110
001100110100
001110101111
001000101111
100110110000
000000011101
011110101110
010010010101
010010010100
000010111110
001110101101
000010111101
010010111111
000010111100
110110110010
110110110000
110110110001
001000110011
000101010100
001100111011
000101010111
011000110000
011000110001
000100000100
011000110010
001000110000
011110110011
000100000111
000010100011
000010011001
100110101010
011110110000
011110110001
001110001001
000010011011
000010011010
010000100111
101110111101
001010100001
001000011011
100110101001
000010010110
011100000110
001010010001
001101010110
001010010011
010010111110
001000101001
000000000010
001010111111
000010010101
011100000101
000110001101
001101010101
011011000100
010110110101
011011000111
011101000111
000100101111
010110110110
001100001111
001000010100
001000010101
000000110100
000000110101
001110000101
100110011011
100110011010
000100110011
010100111111
010100111110
001110000111
001000010110
101110100011
000100110000
001110110111
001111000110
011010101110
001100010101
000100000001
001111000101
000110010101
000110010100
000110100001
000110100010
000100000010
000000101101
000000101110
001110111001
101110001101
000001000110
001110111011
000110111101
000000110010
000001000101
000000110000
001010001111
000110011000
111110110010
000100101001
011101000101
000100101011
000100101010
111110110001
000110011011
001100010110
000110111111
010111000110
011100110001
011100110000
000000000100
000000000101
000010100101
000010100111
000010100110
001100111101
011010110001
001000100111
110110110111
010110000110
010111000101
000111010111
000111010110
000100011100
000010101010
011110100111
001100111111
000010101001
010110000101
010110000100
010000010101
100110100100
010001010110
001100100011
001110110101
011110100110
000100011111
010000010110
001110110110
011001000100
101110100101
000010011101
000010011100
001000001111
011100101110
000010000001
100110010011
010000111110
001000001101
001110001101
100110010001
001110001111
000110001010
000000001010
000000001011
010011010101
000000001001
001010111001
010011010111
010010110101
011110010111
011110010110
001010000111
011000010101
011110010101
001010000100
000100100110
000100100111
011000010110
001011010111
011010000101
001100011001
001011010100
011010000110
001000010001
000100100101
000100100100
011111000100
100110001111
100110001110
011001000110
011111000111
010100100111
001110010011
010100100110
100110001100
101110101001
010101000110
001100101001
000000111010
000000111001
010010000111
010101000101
000100011010
010101000100
001110111110
000110010001
001010001011
000110010010
000000110110
001010001001
000110111010
000011010101
000011010100
000110111001
011100110111
011100110110
010010000100
011010110100
011010110110
010100010110
010010101110
101110011001
001010110111
000100010110
000100010111
001110100011
000000010000
001010110101
001010110100
000100010101
011010110111
001110100001
000010110001
000000010011
000000010010
011000111111
001100100110
001100100101
001000111110
100110100011
001000111101
000100011001
011110111111
000010101111
000101000110
100110111101
000010101100
000101000101
000010000110
010110010101
011100010111
000010000101
101110110010
001010101111
001010101110
011100010100
000010000111
011100010101
001010110011
001010110010
010010110010
000000001111
010010110000
010010110001
001010011101
010110100111
010010110011
101110110001
101110110000
000000001100
000110000011
001010000001
001101000111
001110010101
100110001010
001110010110
100110001001
000110110110
001101000100
000100100000
001100000001
000010001001
000010001000
011011010101
000011000111
000100111100
000011000110
011011010110
000100111110
010000110111
010100110010
010000110100
001000000110
000010001011
001000000101
000110101110
000110101111
000000100000
001001000100
000000100001
000110101100
000100001101
000000100011
001001000111
000100001110
011101010101
010100110001
010100110000
000010110111
000110110011
101110000001
000010110100
000110110000
011101010110
001100000100
000111000111
000000111111
000000011000
000000011001
000010111011
010000000110
000010111000
100110110111
010000000100
010000000101
000110000111
000110000110
000111000100
000001010101
011100111110
100110110101
100110110100
010010100110
000110000100
010001000100
001000111011
001100110001
000001010110
001100110010
010001000111
001110100111
010111010110
000000010100
000100010001
100110111010
100110111011
000000010111
001000110110
100110111000
001000110101
010110010111
011000100110
001100101111
010111010100
001000110111
