011000110101
001000000000
100000101111
100100001001
100011000101
100011000110
100100001010
100100001011
100011000111
000100110101
100110101111
000010010011
101110111011
011110110100
000010001100
001010101000
001011001011
001110000010
001011001010
011001010111
001011001001
100010100101
100100000110
011001010101
100101110011
100011001001
100011001000
011001010100
000010010000
100101110000
110110110100
110110110101
100011001011
010001001101
000010010010
010001001100
010111001101
001010011000
010001001111
010111001111
100100000101
010000101101
010000101100
101110110110
010110101101
100011111011
010011001011
001100001000
100010101000
100111001101
100001010011
010011001000
010011001001
100010101011
000100111010
100111001111
100001010000
001101011100
000100111000
011111010100
001101011111
010101101110
000100111011
011111010111
011110000110
010101110001
100000011110
011110000100
100001001101
001010101010
000010001110
000010001101
100001001110
100111010011
100111010010
001110000000
001101000010
011010010111
011010010110
100010010111
000100110111
100000000000
010100111010
010100111011
010101110011
010101110010
100000000001
001000011100
001110011100
100010010101
100000000011
010100111001
010101011001
100101000000
001001010010
100001100000
010010011000
101110001011
010001100100
010111100100
011000000111
100001100011
001111001100
100010011010
000110101011
100111100000
011000000100
100001100001
100111010100
100111100001
100100111001
100010011001
100011110101
100101000011
100011110100
000110101000
100011110110
100100111011
000100001000
000000101000
001011111011
100111100011
100111100010
001011110101
000110011100
000100001011
010111101000
111110110100
001011110110
001001001110
001001001111
000110011111
001111001111
001001100010
011010100111
001001100001
111110110111
001100010000
010001100110
100101011110
100100110110
000110100101
100011111000
000000100110
100101011100
010011111111
010011111110
001001111111
001111100000
010001010011
011000101111
001000101100
110110110011
000110000000
000010100000
010110000010
000000011110
001111100010
010001010000
100100010000
100000110000
001111100001
000000011101
011110101110
010000011111
000010111110
001111111111
001101110100
001101110101
010001101010
010001101001
010001101000
000010111101
010000000011
100101100101
010011111100
001001111101
000010111100
001111111100
001101110111
110110110010
110110110000
110110110001
010010100000
010111101011
010000000000
010110000001
010110011111
010110011110
100111111110
000101010100
100111111100
010011100011
001101101001
001101101000
010000011100
010110011100
010110011101
000101010111
010111010000
010011100001
010111010001
010100001010
001100111000
011000110000
011000110001
100000110001
100001111110
000100000100
100000110011
010100001001
100101101011
011000110010
011110110011
001101111001
010101011011
000100000111
000010100011
100101101000
000010011001
011110110000
011110110001
001101111011
010011010010
001010100010
100110010110
010100001101
001101100111
000010011011
000010011010
101110111101
100011000000
100110010101
001000011010
001101100101
010101110101
100100000011
010000100101
100010110010
100001001011
100011011101
100010110001
100010110000
100011011100
000010010110
001010111100
001011001101
010111001000
011100000110
001010010010
001011001110
010001011010
010000101001
010000101011
010010111101
001011001100
010110111000
100011000001
000000000010
100101110111
100100011101
010110111011
000010010101
100010101100
100010101101
011100000101
010011010001
001000101010
100101110100
000110001101
100100011111
001100001110
100010101110
010101111010
011011000100
100001000100
001011010011
001101011000
001100001100
010101111000
011011000111
011101000111
000100101111
010100100011
010100100010
001011010000
001101011011
100011101100
100011101101
010011001110
100000001010
100011101111
000000110100
000000110101
010010001011
010010001010
100010011111
100001001000
000100110011
010101110110
100000000101
100010011100
101110100011
100000000110
010100111101
001111010010
001000011000
100001000111
000100110000
100111011001
100111011000
100100110000
011010101110
100100110001
100001111001
000100000001
001011111101
000110010101
000110010100
000110100001
100101000110
100101000111
000110100010
100001111000
000100000010
100010000010
001011111110
100111101001
010001111110
000000101101
001011100001
001011100000
010101010011
001001011001
001001011010
010010001101
000000101110
001011100011
010101010000
001001011011
010010001111
010011110101
010111110001
101110001101
010001100011
100011110000
000001000110
001111001011
000110111101
010011110110
010111110010
010111110011
000000110010
100011110011
000001000101
000000110000
010111101111
010111101110
001111001000
000110011000
111110110010
001001101011
000100101001
011101000101
100101000100
000100101011
010111101101
000100101010
100111101010
111110110001
001011111100
100111101011
010110001000
001010001100
010010010011
000110011011
001001101000
010001100000
000110111111
010110001011
100101101101
010000011010
010000011011
011100110001
011100110000
100000110101
000000000100
000000000101
100000110110
100101101110
010011111000
000010100101
001111111001
001111111010
000010100111
000010100110
100100101110
011010110001
010100010000
110110110111
001111111000
100100101101
100100101100
010010111010
010000011001
000111010111
001001100110
000111010110
010100010010
010100010011
001001100100
010010111001
000100011100
100001110111
000010101010
011110100111
010101001111
100111100101
001111110111
001111110110
001100100000
001101111101
100001110100
100001110101
001000100100
000010101001
100000111011
100000111010
100111100110
010011111011
010101001100
001101111110
001101100011
100110100111
011110100110
001101100010
000100011111
010100001111
001101100000
011001000100
010000100001
010000100000
010000100010
101110100101
100010110111
100010110110
001010111010
100000100010
100011011010
000010011101
000010011100
011100101110
010011011000
010011011001
000010000001
001110001100
100011101010
010011011010
100000010001
010000111101
001110001110
100011101001
100100011010
100101111100
100101111101
100100011000
100010111001
010001000001
000110001010
000000001010
000000001011
001101010001
001101010000
000000001001
100100011011
010001000010
010111000011
001010111000
001011011010
010110100000
010110100001
001011011001
001011011000
010110100011
100010111010
100000001101
100111000000
011110010111
011110010110
100001011111
100000001111
011000010101
100111000011
011110010101
010101100000
100001011100
100001011101
010111110100
000100100110
000100100111
011000010110
001101010011
010101100011
011010000101
010111110111
010100101010
010100101000
001100011010
010110111100
011010000110
010100100101
100011010101
100010000100
000100100101
001011101001
001011101000
000100100100
100101001001
100101001010
100011010110
100011010111
010001110101
010001110100
100111011100
001101001101
010101111111
100001000001
011111000100
001011101010
001110010000
100001000010
100111011111
010101111101
010101111100
011001000110
011111000111
101110101001
100000001100
010111111011
010111111010
000000111010
001001011101
001001011100
000000111001
100111101111
000100011010
001100101010
001011100110
001001011110
001111011110
001011100101
001110111100
100001101100
001111000011
100101001111
010001110111
001001000001
100001101111
001001000000
000110010001
001111000001
100101001100
100010000110
100010000111
100111101100
100001101101
001001000011
000110010010
001001101110
001100011110
000000110110
001001101101
100100100111
100101010000
100101010001
001010001000
100100100110
001001101100
010000001110
100100100100
001111101110
000110111010
000011010101
000011010100
100010001011
000110111001
001111101101
010001111001
011100110111
011100110110
010111111001
100010001000
010001111011
100011100111
011010110100
010001011100
010001011101
001000100010
010010101100
011010110110
010110001100
100011100100
010111000000
100100101000
001111101100
010110001110
010110001111
101110011001
010011110000
001001110000
001001110001
000100010110
000100010111
100101111010
100101111001
010000001101
010111011101
000000010000
010101001010
000100010101
011010110111
010101001011
010001011110
001111110011
010111011110
010111011111
000010110001
000000010011
000000010010
001000111100
010101001000
011000111111
010000010000
010000010001
001111110001
001111110000
010011101101
010011101100
010110010011
010100011001
010110010010
010100011000
000100011001
011110111111
010110010000
000010101111
100000111100
000101000110
100111110010
100110111110
100111110001
100001110010
000010101100
000101000101
100000111111
001010101100
000010000110
010011011100
011100010111
000010000101
010001001010
101110110010
010011011111
010110101010
100000010100
010110101001
010100000000
010000111000
100000101011
100011010010
100100001100
100000010111
100000010110
100010111101
100011010001
100000101000
100000101001
100100001111
011100010100
000010000111
011100010101
001000001010
010110100100
000000001111
010011000000
001010011110
100010111110
001011000010
100011100011
100010100000
100010100001
101110110001
101110110000
100011001100
100100010011
100100010010
001011000000
100010100010
001110101010
100011001101
001011011111
000000001100
100011001110
000110000011
010001001001
001010000000
001011011101
010101100111
010100101100
010100101101
100111001000
000110110110
001100000010
000100100000
100111001010
100001010111
010011000010
001101001001
100110000111
001011101111
000010001001
000010001000
011011010101
000011000111
000100111100
000011000110
001101001010
001101001011
100110000101
100010010011
100000011000
001110011010
011011010110
000100111110
100111000101
100010010000
100000011011
100000011001
001111011100
100001011010
000010001011
001001010000
100111000110
010101100101
100001011001
100001100110
001111011010
000110101110
000110101111
001111011001
000000100000
100101011011
010001110010
000000100001
010010000010
100100111101
100100111100
010101011110
000110101100
000100001101
010010000001
000000100011
100010001101
010101011100
100111111011
100111111001
000100001110
011101010101
010001110001
001111101011
010001101100
010101101001
000010110111
010000001000
010000001001
000110110011
100001101010
010111111101
010111111100
101110000001
010001101111
010001101110
000010110100
010101101011
000110110000
011101010110
100101010110
001001001000
001011110001
010010011110
010010011111
010111111111
100011111101
100011111111
010111100010
001011110010
001001001011
001001001010
000111000111
001010000010
000000111111
010111100001
000000011000
000000011001
000010111011
001110101000
010111011000
100100010111
001001111000
001111100111
000010111000
100111110101
010111011010
010111011011
000110000111
000110000110
001001111010
100101100010
000111000100
000001010101
011100111110
010110011010
010010100100
010010100101
010011100110
010011100111
000110000100
100101010101
100100100010
000001010110
010110011001
010100011101
100101111111
100100010100
001111100100
100100100001
001001110100
100000100100
010100011110
000000010100
001001110111
000100010001
001101110010
001110100100
000000010111
010101000010
001101101110
001100101100
010011101010
010010101000
100111110111
010101000001
100000100111
011000100110
010011101000
010010101011
