011000110101
001000000000
100000101111
100100001001
100011000101
010110101111
100011000110
100100001010
100100001011
001000000011
100011000111
011100010000
011100010001
000100110101
100110101111
000010010011
101110111011
100110011110
011110110100
001010010100
000010001100
001010101000
100110011101
100110011100
010100000111
001011001011
001110000010
001011001010
011100100010
001010010111
011001010111
010000110011
011100100001
010100000100
001011001001
010100000101
100010100101
100100000110
011001010101
100101110011
100011001001
100011001000
011001010100
000010010000
011001101011
100101110000
110110110100
110110110101
100011001011
011001101001
010001001101
000010010010
010001001100
010111001101
011011100010
011011111101
001010100110
011100010010
001010011000
010011000101
010011000100
010001001111
011111101011
010111001111
001011000101
100100000101
010000101101
011011111111
010000101100
101110110110
001010100101
010110101101
010000101110
001010011011
001011000110
011101000000
100011111011
010011001011
001100001000
100010101000
100111001101
100001010011
010011001000
010011001001
100010101011
011100001100
000100111010
011100001101
011010011001
100111001111
011010011010
011011010000
100001010000
001101011100
011011010001
000100111000
011111010100
001100000111
011100001111
011101000011
001101011111
010101101110
000100111011
011111010111
010110110010
011110000110
010101110001
100000011110
001110011111
100110000000
001111010111
011110000100
100001001101
001010101010
001001010101
000010001110
001010101011
000010001101
001111010101
100001001110
001111010100
100111010011
100111010010
001110000000
001100001011
001101000010
001000011111
001001010111
011010010111
011010010110
100010010111
000100110111
100000000000
010100111010
010100111011
010101110011
010101110010
100000000001
100110000001
001000011100
001110011101
001110011100
100010010101
011001011000
011001011001
100110000010
011111011001
011111011000
100000000011
010100111001
010101011001
100101000000
001001010010
001110110000
010100110100
100001100000
010010011000
011101111011
011101111010
101110001011
010001100100
010111100100
001110110010
011000000111
100001100011
001111001100
011010101011
100010011010
011101111001
000110101011
100111100000
011000000100
100001100001
100111010100
100111100001
100100111001
100010011001
100011110101
100101000011
100011110100
000110101000
100011110110
100100111011
000100001000
000000101000
001011111011
100111100011
100111100010
010100110111
001011110101
000110011100
010101010111
011010100100
000100001011
010111101000
111110110100
001011110110
001001001110
001001001111
000110011111
010010010110
001111001111
011011001001
001001100010
010101010101
011010100111
010101010100
001100010011
001001100001
111110110111
001100010000
011101110111
010001100110
011101011111
011101011110
100101011110
100100110110
000110100101
011101110100
100011111000
000000100110
011101011101
100101011100
010011111111
011111101100
010011111110
001001111111
001111100000
010001010011
011000101111
001000101100
110110110011
100110110010
000110000000
000010100000
010110000010
000000011110
011111101111
001100110100
001111100010
001110101111
010001010000
001000101111
100100010000
100110110000
100000110000
001111100001
000000011101
011110101110
010010010101
010000011111
010010010100
000010111110
001110101101
001111111111
001101110100
001101110101
010001101010
010001101001
010001101000
000010111101
010000000011
010010111111
100101100101
010011111100
001001111101
000010111100
001111111100
001101110111
110110110010
110110110000
110110110001
010010100000
010111101011
010000000000
010110000001
011001101100
001000110011
010110011111
010110011110
100111111110
011111110010
000101010100
100111111100
010011100011
001101101001
001100111011
001101101000
011110101100
010000011100
010110011100
010110011101
000101010111
010111010000
010011100001
010111010001
010100001010
001100111000
011000110000
011000110001
100000110001
011001110011
100001111110
000100000100
100000110011
010100001001
100101101011
011000110010
001000110000
011110110011
001101111001
010101011011
011111110000
000100000111
000010100011
100101101000
000010011001
100110101010
011110110000
011110110001
011111000001
001101111011
010011010010
001010100010
100110010110
010100001101
001101100111
011011100100
011011100101
001110001001
000010011011
000010011010
010000100111
101110111101
011111000010
001010100001
011001010010
100011000000
100110010101
001000011011
001000011010
001101100101
010101110101
100100000011
010000100101
011001010000
011001010001
100010110010
100110101001
100001001011
100011011101
100010110001
100010110000
100011011100
000010010110
001010111100
001011001101
011011101001
010111001000
011100000110
001010010001
001101010110
001010010010
001010010011
011001101111
001011001110
010010111110
010001011010
010000101001
010000101011
010010111101
001011001100
010110111000
100011000001
001000101001
000000000010
100101110111
100100011101
010110111011
001010111111
000010010101
100010101100
100010101101
011100000101
010011010001
001000101010
100101110100
000110001101
001101010101
100100011111
001100001110
100010101110
010101111010
011100001001
011011000100
100001000100
001011010011
001101011000
011100001010
010110110101
001100001100
010101111000
011011000111
011101000111
000100101111
010100100011
010100100010
001011010000
001101011011
100011101100
011010000011
010110110110
001100001111
100011101101
001000010100
001000010101
011110011101
010011001110
100000001010
100011101111
011011101010
011000010000
000000110100
000000110101
001110000101
100110011011
010010001011
010010001010
100110011010
100010011111
011000010011
011010011101
011010011100
011010011110
100001001000
000100110011
010100111111
010100111110
010101110110
001110000111
100000000101
011001001101
011101001001
001000010110
100010011100
011110011110
101110100011
100000000110
010100111101
011110000011
001111010010
001000011000
011111011111
011111011110
011110000000
100001000111
000100110000
100111011001
100111011000
001110110111
001111000110
100100110000
011010101110
100100110001
100001111001
001100010101
000100000001
001111000101
001011111101
000110010101
000110010100
000110100001
100101000110
100101000111
000110100010
100001111000
000100000010
100010000010
001011111110
100111101001
011101101101
010001111110
011101101100
011000001001
000000101101
001011100001
001011100000
010101010011
001001011001
001001011010
010010001101
000000101110
011000001011
001011100011
010101010000
001001011011
010010001111
001110111001
010011110101
010111110001
101110001101
011101110011
010001100011
100011110000
000001000110
001111001011
001110111011
000110111101
010011110110
010111110010
010111110011
000000110010
011101110001
011101110000
100011110011
000001000101
000000110000
010111101111
010111101110
001111001000
001010001111
000110011000
011011000001
011011000000
111110110010
001001101011
000100101001
011101000101
100101000100
000100101011
010111101101
000100101010
100111101010
111110110001
001011111100
100111101011
010110001000
001010001100
010010010011
000110011011
011011000011
001001101000
011010101101
001100010110
010001100000
000110111111
010110001011
010111000110
100101101101
010000011010
010000011011
011100110001
011100110000
100000110101
011110101010
011001111001
011001111000
000000000100
000000000101
100000110110
100101101110
010011111000
000010100101
001111111001
001111111010
000010100111
000010100110
011111101000
011111100110
001100111101
100100101110
011010110001
010100010000
001000100111
110110110111
001111111000
010110000110
100100101101
100100101100
010010111010
011110101001
010111000101
010000011001
000111010111
011001111011
001001100110
000111010110
010100010010
010100010011
001001100100
010010111001
000100011100
011001110110
100001110111
000010101010
011110100111
001100111111
011111100101
010101001111
100111100101
011000111001
001111110111
001111110110
011001110100
001100100000
001101111101
100001110100
100001110101
001000100100
000010101001
100000111011
010110000101
010110000100
100000111010
100111100110
011000111010
010000010101
010011111011
100110100100
010101001100
001101111110
010001010110
001100100011
001101100011
011101101111
100110100111
001110110101
011110100110
001101100010
000100011111
010000010110
010100001111
001101100000
011110100101
001110110110
011001000100
010000100001
010000100000
010000100010
101110100101
100010110111
100010110110
001010111010
100000100010
100011011010
000010011101
000010011100
001000001111
011100101110
010011011000
010011011001
000010000001
100110010011
011100101101
010000111110
001000001101
001110001100
001110001101
100011101010
010011011010
011111001001
100000010001
011111001010
100110010001
010000111101
001110001111
001110001110
100011101001
100100011010
011111001011
100101111100
100101111101
100100011000
100010111001
010001000001
011011101110
011011101111
011100000000
000110001010
011011110000
011011110001
000000001010
000000001011
010011010101
001101010001
001101010000
000000001001
100100011011
010001000010
010111000011
001010111001
001010111000
011011101100
010011010111
011011110011
001011011010
010110100000
011100011100
010110100001
001011011001
010010110101
011010001010
001011011000
010110100011
011100011111
100010111010
011010001001
011010001000
100000001101
100111000000
011110010111
011110010110
100001011111
100000001111
001010000111
011000010101
100111000011
011110010101
010101100000
100001011100
100001011101
001010000100
011100000011
011001001011
010111110100
000100100110
011101001110
000100100111
011000010110
001101010011
001011010111
010101100011
011010000101
011001001000
010111110111
011101001100
010100101010
001100011001
010100101000
001011010100
001100011010
011011011100
011001001010
010110111100
011010000110
001000010001
010100100101
011110011000
100011010101
100010000100
000100100101
001011101001
001011101000
000100100100
100101001001
100101001010
100011010110
100011010111
010001110101
010001110100
100111011100
001101001101
010101111111
100001000001
011111000100
001011101010
011000011000
001110010000
011000011010
100110001111
100001000010
100110001110
100111011111
010101111101
010101111100
011001000110
011111000111
010100100111
001110010011
010100100110
011110011011
100110001100
101110101001
100000001100
011000001100
010101000110
010111111011
010111111010
001100101001
000000111010
001001011101
001001011100
000000111001
010010000111
100111101111
011000001110
010101000101
000100011010
011110001111
010101000100
001100101010
001011100110
001001011110
001111011110
001011100101
001110111100
100001101100
001111000011
100101001111
001110111110
010001110111
001001000001
100001101111
001001000000
000110010001
001111000001
100101001100
100010000110
100010000111
100111101100
011101100111
011101100110
100001101101
001001000011
001010001011
000110010010
001001101110
001100011110
000000110110
001001101101
011010111000
100100100111
100101010000
100101010001
001010001000
001010001001
100100100110
001001101100
010000001110
100100100100
001111101110
000110111010
000011010101
000011010100
011011011011
100010001011
000110111001
001111101101
010001111001
011100110111
011100110110
010111111001
010010000100
100010001000
011010111011
011101010011
010001111011
011111100011
100011100111
011010110100
010001011100
010001011101
001000100010
010010101100
011010110110
010110001100
100011100100
010111000000
100100101000
001111101100
011001111110
011000100011
010100010110
010010101110
010110001110
010110001111
101110011001
001010110111
010011110000
001001110000
011001100010
001001110001
000100010110
000100010111
001110100011
100101111010
100101111001
010000001101
010111011101
011001100000
011001100001
000000010000
001010110101
001010110100
010101001010
011111100000
000100010101
011010110111
010101001011
011100111000
010001011110
001111110011
001110100001
011011110100
010111011110
010111011111
000010110001
000000010011
000000010010
001000111100
010101001000
011000111111
010000010000
010000010001
011100111011
001111110001
001111110000
001100100110
011111111101
010011101101
010011101100
001100100101
011101101011
001000111110
100110100011
011110100010
010110010011
010100011001
010110010010
010100011000
011111111110
011110100001
001000111101
000100011001
011110111111
010110010000
011000100000
011001111101
000010101111
100000111100
000101000110
011101101010
011000111100
011110111100
011110111101
100110111101
100111110010
100110111110
100111110001
100001110010
000010101100
000101000101
100000111111
011100101011
001010101100
000010000110
010110010101
010011011100
011100010111
000010000101
011011111010
011001011110
011001011111
011100101001
010001001010
011100101000
101110110010
011111001100
011111001101
010011011111
010110101010
100000010100
010110101001
010100000000
010000111000
100000101011
100011010010
100100001100
100000010111
100000010110
100010111101
100011010001
100000101000
100000101001
100100001111
001010101111
001010101110
011100010100
000010000111
011100010101
001010110011
001010110010
010010110010
001000001010
011011110111
011100011001
010110100100
000000001111
011100011000
010010110000
010010110001
010011000000
001010011101
010110100111
011100011011
001010011110
011100100100
010010110011
100010111110
011100100101
001011000010
100011100011
100010100000
100010100001
101110110001
101110110000
100011001100
100100010011
100100010010
001011000000
100010100010
001110101010
100011001101
001011011111
000000001100
011011111000
100011001110
000110000011
010001001001
001010000000
001010000001
001101000111
001110010101
001011011101
100110001010
010101100111
011101011010
011010001111
011011011010
001110010110
010100101100
010100101101
100110001001
011101011000
011010001100
100111001000
011110010010
000110110110
001100000010
001101000100
000100100000
100111001010
011110010001
100001010111
010011000010
001100000001
001101001001
100110000111
001011101111
011000011101
000010001001
000010001000
011011010101
000011000111
000100111100
000011000110
001101001010
011111010000
001101001011
100110000101
100010010011
100000011000
011000011111
011010010000
011010010010
001110011010
011011010110
011111010010
000100111110
010000110111
011111010011
010100110010
011001000001
011110001101
100111000101
100010010000
100000011011
100000011001
001111011100
010000110100
001000000110
100001011010
000010001011
001001010000
100111000110
010101100101
100001011001
001000000101
011000000010
100001100110
001111011010
000110101110
000110101111
001111011001
000000100000
011110001011
011110001010
011101100001
100101011011
010001110010
011000000001
001001000100
000000100001
010010000010
100100111101
100100111100
010101011110
011111110101
000110101100
000100001101
010010000001
000000100011
011110001000
100010001101
011101100010
001001000111
010101011100
100111111011
100111111001
000100001110
011101010101
010100110001
010100110000
010001110001
001111101011
011011001111
011101111101
011101111100
010001101100
010101101001
000010110111
010000001000
010000001001
000110110011
100001101010
010111111101
010111111100
101110000001
010001101111
010001101110
000010110100
010101101011
000110110000
011101010110
100101010110
001001001000
001100000100
001011110001
010010011110
010010011111
010111111111
011010100001
011010100000
100011111101
100011111111
010111100010
001011110010
001001001011
001001001010
000111000111
001010000010
011011001101
011010100010
000000111111
010111100001
011011001110
000000011000
000000011001
000010111011
001110101000
010111011000
100100010111
010000000110
011001100101
001001111000
001111100111
011100111100
000010111000
100110110111
100111110101
010111011010
010111011011
010000000100
010000000101
000110000111
000110000110
001001111010
011001100111
100101100010
000111000100
000001010101
011100111110
011000101010
010110011010
100110110101
100110110100
010010100100
010010100101
011111111001
010011100110
010011100111
010010100110
000110000100
100101010101
011010111100
010001000100
001000111011
100100100010
001100110001
000001010110
010110011001
011000101000
010100011101
011111111011
100101111111
100100010100
001111100100
100100100001
001100110010
010001000111
001001110100
100000100100
001110100111
010100011110
010111010110
000000010100
001001110111
000100010001
001101110010
001110100100
100110111010
100110111011
011110111010
000000010111
001000110110
010101000010
001101101110
001100101100
011111110111
010011101010
010010101000
100110111000
100111110111
001000110101
010101000001
100000100111
010110010111
011000100110
001100101111
010011101000
010010101011
010111010100
011000100101
001000110111
