11011101001
01000001011
10000010001
00111010101
00010001000
01111110000
01111110001
01101010000
10110000101
10101111101
11011101111
11011101110
11100000101
11001001000
01111111101
10110011000
01101010011
10011000001
10101110101
01000001110
00111010000
11001001010
10110000000
00101001010
01111100110
10101110110
00010000000
00111011100
01101011000
01010010010
11011011110
01101011001
11011011111
00010011010
01111100111
01110001000
10110001100
01000000000
11001000101
00001010001
10101111011
01000011010
10101100000
10000000001
01000011011
01110001110
00101000100
10011001010
10000011000
11001000110
00101010010
10101101101
10100000010
01110001100
00001010100
10111110100
01010010100
11111001111
10000000100
01000000100
10100001011
00101000001
01110000111
10000010010
10101111000
00101011001
00101011000
10110010011
01111110110
11001011011
01000011000
10101100111
00101000110
01110000100
01111101011
00001011011
11110000110
01011110101
10000001010
11011110110
01000010001
11000010010
00000001001
11110011011
11111011101
10001000010
10001001100
00010010101
00001011000
00110001010
10010010010
11110000001
00000001010
11000010000
11001010100
01111010110
00001000111
11111101010
00111001001
10111001101
11000000111
10010010100
10010010101
11011110011
11011111100
01000010100
11000011001
01110010001
11001011100
10000001110
11011110000
10001011010
11110010010
11110011100
11001010000
11100001010
11111101110
10001000000
00010011001
11100001001
01011100100
10010011011
00110000010
01101000110
00010000110
01110010101
10011011100
11100010001
11100010000
11110010000
01111111010
11110010001
00110000011
01111100001
11011100111
01111101100
01101000100
01011100111
00011010011
10011010000
10010000011
00001001000
00111000111
00010011100
11100000011
01100010001
00111011011
00000000010
01101010101
00000000011
11110010100
00110001001
10010000100
00001001110
10010000101
10011000111
10001001001
00010010001
11100000000
10010011001
00110001110
11000010101
01100011100
01100010010
11011111010
01011111100
10011000101
00111000010
00111001100
01001000011
01001001100
01011101110
11111110010
11111111111
00011011010
11101011101
01001000010
00000010000
01100000111
01001000000
00011000010
01011101000
00110010000
10001010101
11010010011
11111111001
00000010011
01100000001
11010000111
01001001001
10010001110
01111001101
11111110110
11010011010
01100011011
01001011010
10111011111
10111011110
01011111011
00011000101
00011000100
11101010111
11010000001
01011100010
01011101101
11111110101
11010011001
01011010111
00000000101
10010001001
00110000100
00110000101
01100000010
11111101101
11000000011
11000001100
11101100011
00011001011
10001010011
00100001100
00100000011
01100001110
11111100000
11110001010
01100001000
11101101000
11101101001
00011001110
11010010000
01001010001
00100000110
01111011110
01001000101
11101101011
00100011011
00011001000
01101001011
00100000000
01010001010
00100010010
11101111100
11101110010
01110011001
10101101010
10100000101
11101100100
10111110111
10100011100
10100010011
01110011010
11101111110
01110011011
00100000101
01011001111
10100011010
10101011111
10101101110
10111100101
10111110011
00100010001
10100011001
10101011101
10101101001
10100000111
10100000110
01010000001
10100010101
11010000010
01010000110
10111111001
00100010100
10111111000
01011011101
11101110111
10111101111
11010001000
01010000011
11101110001
10111100010
10111100011
10111101100
11010001011
