11011101001
01000001011
11000111111
10000010001
00111010101
00010001000
01111110000
01111110001
10000101011
01101010000
10010111101
10010110011
10101111101
11011101111
11000110011
11011101110
10010111110
10000010111
11001001000
10000010110
01111111101
00010001111
01101010011
00100111000
10010111111
10011000001
11000110010
10101110101
01000001110
11000110001
10010111000
00100111010
00111010000
11001001010
00101001010
01111100110
10101110110
00010000000
00111011100
01101011000
11011011110
01101011001
11011011111
00010011010
01111100111
01000000000
11001000101
00001010001
10101111011
00100100011
00100101101
01000011010
10101100000
00100100010
10000000001
01000011011
00100110101
00110110100
00101000100
10011001010
10000011000
11001000110
11000101100
00101010010
10101101101
01000001101
00001010100
10111110100
10000011111
11000100000
11111001111
10000000100
11000111011
01000000100
00101000001
10000010010
10101111000
00101011001
00101011000
11000100110
01111110110
00100100100
11001011011
01000011000
10101100111
00100111100
00101000110
00010010110
01111101011
00001011011
01011110101
10000001010
11011110110
01000010001
11000011101
11000010010
00000001001
00010101000
11111011101
10001000010
10001001100
00010010101
00001011000
00110001010
10010010010
00000001010
11000010000
00010101011
11001010100
01111010110
00001000111
11111101010
00111001001
10111001101
11000000111
10010010100
10010010101
11011110011
11000101010
11011111100
01000010100
11000011001
11001011100
10000001110
11000101001
01000010111
11011110000
10001011010
11000011110
10000001101
11001010000
11111101110
10001000000
00010011001
01011100100
10010011011
00110000010
01101000110
00010000110
01000100011
10011011100
01111111010
00110000011
01111100001
11011100111
01111101100
01101000100
01011100111
00011010011
10011010000
10010000011
00001001000
00111000111
00010011100
01100010001
00111011011
00000000010
01000101001
01101010101
00000000011
00110001001
10010000100
00001001110
10010000101
10011000111
10001001001
00010010001
10010011001
00110001110
11000010101
01100011100
01100010010
11011111010
01011111100
10011000101
00111000010
00111001100
01000111100
01000110010
01001000011
01001001100
00110011101
01011101110
11111110010
11111111111
00011011010
00000101000
11101011101
01001000010
01000111101
00000010000
01100000111
01000111110
01001000000
00011000010
01011101000
00110010000
00010110110
10001010101
01000100100
01000100101
11111111001
00000101111
00000101110
00000010011
01100000001
01000111000
01001001001
00000011101
10010001110
01111001101
00010111110
11111110110
01100011011
01000100111
01001011010
10111011111
10111011110
01011111011
00011000101
00011000100
11101010111
01100001101
00000011110
01011100010
00110011110
01011101101
00010110011
11111110101
01011010111
00000000101
10010001001
00110000100
00110000101
01100000010
11111101101
11000000011
11000001100
11101100011
00011001011
10001010011
00100001100
00100000011
00010100111
01100001110
11111100000
01100101010
00010100001
01100001000
11101101000
11101101001
00110010111
00011001110
01001010001
00010100010
00100000110
01111011110
00010101100
01000110111
01001000101
11101101011
11000001111
00100011011
00011001000
01101001011
01100101111
00010101110
00100000000
10000110101
01100111001
00100010010
11101111100
11101110010
00000110001
10101101010
10000111100
10000110011
11101100100
00110110010
10111110111
00100011111
11101111110
00100101011
00100000101
01100100001
00110111101
01011001111
01100110011
10010101110
00000110100
10101011111
10101101110
00110110001
10111100101
10111110011
00100010001
10000100110
10000100111
10010101100
10010100010
00100101110
00000110111
01100100100
10101011101
10101101001
10000111110
00110110111
01100110111
11000110100
01100110110
00000111010
10000100000
00000100110
01100110000
10111111001
00000100101
00100010100
10111111000
10000101101
00110101111
01011011101
00110111011
10010100101
11101110111
00110100110
00000111111
00010110101
10111101111
10010110111
00110111000
10000101001
11101110001
00110100000
00000111001
10111100010
00000100000
10111100011
10111101100
10010110000
