011010110
010100101
100100001
111011100
010111000
001001001
011110001
101111110
111111111
110011010
101101011
011001110
001001010
000111001
110000011
100000111
010001011
101000100
001110010
011101011
110110101
001111101
000011100
011010011
011011101
111111010
111010111
101100111
110111000
010000111
111100111
000111010
001000011
001001100
111001001
101110001
101110000
100010100
000101101
110101101
101011011
110111011
101000001
011101111
000010111
111001111
101111101
101110011
000100011
101101100
110110010
111101101
000001101
000110100
010110110
010001100
001000110
001111011
011100110
111110100
110101011
111001100
010010101
110101010
000101110
010101110
110011101
111011011
110111110
000001111
011000101
111101110
011111001
010010110
110011111
111011001
010011010
101010110
101101001
000110000
010001001
101001000
001110100
000011011
010100001
001011110
001011111
011110010
110000110
011111100
001110111
001101010
011011010
