011010110
010100101
100100001
010111000
001001001
011101000
001010000
011010100
111010000
011001110
001001010
000111001
110000011
100000111
010001011
101000100
001110010
001111101
000011100
010000111
000111010
001000011
001001100
101110000
100010100
000101101
001100001
101000001
000010111
000100011
001011000
110110010
000001101
000110100
010110110
010001100
001000110
001111011
011100110
010010101
000101110
010101110
001100101
101100000
000001111
011000101
011100000
010010110
010011010
000110000
110000100
010001001
101001000
001110100
000011011
010100001
001011110
001011111
011110010
110000110
011111100
001110111
001101010
011011010
