011010110
010100101
100100001
001001001
101111110
111111111
101101011
011001110
000111001
110000011
100000111
010001011
101000100
011101011
001111101
011010011
011011101
111010111
101100111
010000111
111100111
001000011
111001001
100010100
000101101
110101101
101011011
110111011
101000001
011101111
000010111
111001111
101111101
101110011
000100011
111101101
000001101
010110110
100001011
100111101
001000110
101001101
001111011
011100110
110101011
010010101
000101110
010101110
110011101
111011011
110111110
000001111
011000101
111101110
101001110
011111001
010010110
110011111
111011001
100101111
101010110
101101001
010110011
100110111
100110110
010001001
101001000
000011011
010100001
100011110
001011110
001011111
010111111
110000110
001110111
