011010110
010100101
100100001
111011100
010111000
001001001
011101000
111111111
110011010
001010000
011010100
111010000
011001110
001001010
000111001
110000011
100000111
010001011
101000100
001110010
110110101
001111101
000011100
111111010
111010111
110111000
010000111
111100111
000111010
001000011
001001100
111001001
101110000
100010100
000101101
110101101
001100001
110111011
111100001
101000001
000010111
111001111
000100011
001011000
110110010
111101101
000001101
000110100
010110110
010001100
001000110
111100010
001111011
011100110
111110100
110101011
111001100
010010101
110101010
000101110
010101110
110011101
001100101
111011011
101100000
110111110
000001111
011000101
111101110
011100000
010010110
110011111
111011001
010011010
000110000
010001001
101001000
001110100
000011011
010100001
001011110
001011111
011110010
110000110
011111100
001110111
001101010
011011010
