011010110
010100101
100100001
101111110
111111111
101101011
011001110
110000011
100000111
010001011
101000100
011101011
011010011
111010111
101100111
010000111
111100111
001000011
100010100
101011011
110111011
101000001
011101111
000010111
111001111
101110011
000100011
010110110
100001011
001000110
001111011
011100110
110101011
010010101
000101110
010101110
111011011
110111110
000001111
011000101
111101110
101001110
010010110
110011111
100101111
101010110
010110011
100110111
100110110
101001000
000011011
010100001
100011110
001011110
001011111
010111111
110000110
001110111
