11100101
10100011
11100100
00000001
00000000
11111000
00011011
00000010
01010011
11100110
10101110
11100111
00001101
00000011
00001100
00110101
00110100
11111010
00001110
11100000
11100001
10101001
00001111
11001001
11001010
11001011
00001000
01010111
11100011
11101100
11100010
11101101
00001001
00001011
00001010
01101111
10111101
11001100
11000011
11001101
11110100
11001110
11110101
00101010
01100011
00101011
10110001
11001111
11110111
11001000
11110110
10110011
10111100
10110010
10001011
10100111
11011010
11000110
11110010
11000111
11110001
11110000
10111010
11011000
11000000
11000001
11111101
11110011
11000010
11111100
10111000
10001111
01101011
00101100
00100011
00100010
10000011
00100001
11011100
11010010
11010011
11011101
00100000
10000111
10011011
11000101
01001011
11000100
01110010
01110011
01111100
01111101
00100111
00101000
00101001
00111001
10110111
00111010
10110000
00111011
10011111
00010101
00010100
11010110
11010111
00101110
01100111
00101111
10110101
10110100
01001111
01111010
01111000
10110110
00010110
10010011
00010111
00101101
11010000
11010001
00110011
00111100
00111101
01000011
01110100
01110101
00010000
00111110
00010001
11101000
00111111
00010011
00011100
00010010
00111000
10010111
00011101
11101010
11010100
11010101
00100110
00000101
00000100
00110110
00110111
01000111
01110000
01110001
00011111
00011110
01011001
00100101
00100100
00000111
00000110
00011010
00110000
00110001
01110110
01110111
00011001
00011000
00110010
01011110
