10100010
10101101
11100101
10101100
10100011
11100100
00000001
00000000
11111000
11111111
00011011
00000010
11100110
10101110
11100111
10101111
00001101
00000011
00001100
00110101
00110100
11111011
11111010
11111001
00001110
11100000
10101000
11100001
10101001
00001111
11001001
11001010
11001011
00001000
11100011
11101100
11100010
10101011
10101010
11101101
00001001
00001011
00001010
11101111
11101110
10111101
11001100
11000011
11001101
11110100
11001110
11110101
10111111
10111110
00101010
10100100
00101011
10110001
11001111
11110111
11001000
11110110
10110011
10111100
10001010
10110010
10001011
10100111
11011010
10100110
11000110
11110010
11000111
11110001
11110000
10111011
10111010
10001000
10001001
11011001
10100101
11011000
10100001
10100000
10001101
11000000
11111110
11000001
11111101
11110011
11000010
11111100
10111001
10111000
10001110
10001111
11011011
00101100
00100011
00100010
10000001
10000010
10001100
10000011
00100001
11011100
11010010
11010011
11011101
00100000
10000111
10011010
10011011
11000101
11000100
10011001
10000000
00100111
11011111
11011110
00101000
00101001
10000100
10000101
10011000
00111001
10110111
00111010
10110000
00111011
10011111
00010101
00010100
10000110
11010110
11010111
00101110
00101111
10011110
10110101
10110100
10110110
00010110
10010011
10011100
10011101
00010111
00101101
11010000
11010001
10010010
00110011
00111100
00111101
00010000
00111110
10010000
00010001
10010001
11101001
11101000
00111111
00010011
00011100
00010010
00111000
10010110
10010111
00011101
11101011
11101010
11010100
11010101
00100110
00000101
00000100
00110110
00110111
00011111
10010101
00011110
10010100
01011001
00100101
00100100
00000111
00000110
00011010
00110000
00110001
00011001
00011000
00110010
01011110
