11100101
11100100
00000001
00000000
11111000
11111111
00011011
00000010
11100110
10101110
11100111
00001101
00000011
00001100
00110101
00110100
11111011
11111010
11111001
00001110
11100000
11100001
10101001
00001111
11001001
11001010
11001011
00001000
11100011
11101100
11100010
11101101
00001001
00001011
00001010
11101111
11001100
11000011
11001101
11110100
11001110
11110101
00101010
00101011
11001111
11110111
11001000
11110110
11011010
11000110
11110010
11000111
11110001
11110000
11011000
11000000
11111110
11000001
11111101
11110011
11000010
11111100
11011011
00101100
00100011
00100010
00100001
11011100
11010010
11010011
11011101
00100000
11000101
11000100
00100111
11011111
00101000
00101001
00111001
00111010
00111011
00010101
00010100
11010110
11010111
00101110
00101111
00010110
00010111
00101101
11010000
11010001
00110011
00111100
00111101
00010000
00111110
00010001
11101000
00111111
00010011
00011100
00010010
00111000
00011101
11101011
11101010
11010100
11010101
00100110
00000101
00000100
00110110
00110111
00011111
00011110
01011001
00100101
00100100
00000111
00000110
00011010
00110000
00110001
00011001
00011000
00110010
01011110
