0100000110
0000111111
0011010100
0100011000
0100011001
0110100111
1001010110
0000111101
0001001001
0001001000
0111001001
1110110110
0100011110
1111011010
0000111110
1001010000
1100100111
0001001011
1011110110
0100010011
0100011101
1100111111
1001010101
0001000100
0011000101
0111000000
1010001001
1100111101
0001011110
1011101101
0111011011
1100010001
0010110111
0001000111
1001101101
0001000110
0110111101
0111000111
0100010100
0011011101
0110111110
0011010010
0001011001
0100010101
0111011000
1100010110
1100010111
0001000000
0111001110
1100000101
0011010001
0000100111
0001011010
1010000010
1011100111
1100011110
0001001101
0001001100
1011111111
0111000010
0111001100
1010001110
1010001111
0011010111
1100011100
1100010010
0011110111
0101001010
0000011100
0110011001
0110011000
0111010001
1110101111
0001101111
1111111110
0110000000
1001111110
0000010000
0110011011
1001111101
0001010110
1111111101
0111010110
0101001111
0000011010
0011111110
0110010010
0110011100
0001010001
0111011111
0111011110
1000101111
0000000101
0110000101
0100001011
0110000100
1111100111
0101001000
0101001001
1010110111
0001010010
0001011101
0001010011
0001011100
0010111111
1110101101
0010111110
0100001000
0100001001
0010101111
1101101111
1110111110
0110010111
0101011011
0101011010
0100001111
0101000011
0101001101
1000110110
0110010001
0011100111
0100000010
0100001100
0101000100
1000111101
0000010111
0000010110
0101000101
1000111110
1110110111
0101011111
0111010101
0011101111
0100000001
0000010101
1001110111
0110010100
1111110111
0101011001
0011101101
1000011000
0001110111
1000000100
0001110110
1110000011
1110001100
1011001010
0010011110
0010010011
1110000001
0010011101
0111111101
1101111111
1000011111
0101010000
0010000100
1011001000
1110001110
0010011111
1110001101
1000011101
0101011100
0101010011
0010000110
1010101101
0010000111
1000010010
1110001000
0111110110
0010011010
0010011001
1000010000
1000010001
0101010101
0010000001
1110001011
1000010110
0101010110
0101010111
1101010100
0000000011
0111101101
0101101101
1011000000
1011000111
1000010100
0110001010
0000001110
0000000000
1011000110
0000011011
1011000101
1010111101
1101110110
0000000010
0000001001
0110000011
0110001101
0010010110
1011001101
0110001110
1011011001
1101010111
0000001111
0110001111
0001111111
1011001100
1011000011
0010010000
0111111111
1010100111
1011011011
1011010000
1011010001
1101011111
1010011000
0011001111
1100000000
1001001010
1001001001
1100011011
1011010010
1101011101
1011011101
1101010010
1010011011
1010011010
0011001100
0011000011
1100000111
0101111110
1100000110
1010000001
0011001110
1011011110
0101100111
1010011100
1010010011
0011000001
1111001011
1001000011
0011011011
0011000010
1101000111
0100101101
1110010101
1101011001
1011010111
1101011000
1010011110
0011000110
1111001000
1100001101
1100000011
1001001111
1010000100
1000001011
1111001111
0011011000
1101000001
0100101111
1110010110
1001011010
0010001101
1010010110
1111010100
1001000111
1101001100
1101000011
1000001000
1101000010
1101001101
1010010101
1110010000
1111010110
0100110110
1111000010
0100110111
1000001101
1001000010
1100001001
1001000000
1100001010
1001000001
1101001111
1000001110
1101001110
1111000001
0010001000
1111010000
1111010001
0100111111
1000000001
1110000110
1110000100
1000001100
1111000110
0010001011
1110011111
1001011100
0010001010
1001010011
1110011010
1111011100
1111010011
1111011101
1000000111
1110000111
1001000100
1111000101
1101001011
0011001010
1111000100
0011001011
1000011001
1001011111
1110011001
