0011101001
0000111111
1011110010
1011111100
1011110011
0100011001
0110100111
1001010110
0000110011
0000111101
0001001001
0111001001
1110110110
1110110100
0100011110
1111011010
0000111110
1100100111
0001001011
1011110110
1100111010
0100010011
1100111001
1011110100
1011110101
0100011101
0000110010
1100111111
0100101011
1100110011
1010001001
1100111101
0001011110
1111101001
1011101101
1001100011
0111011011
1011100010
0110101001
0010110111
0001000111
1001101101
0000101001
0110110011
0110111101
0111000111
0011011101
0110111110
0011010010
0001011001
1011100001
1100010110
1100010111
1011111000
0000100111
0001011010
1011100111
1100011110
0000111001
0001001101
1011111111
0110111001
1010001111
0011010111
0110111011
1111101010
1011100100
0000111011
1100010010
0011110111
1001110010
1000111010
1111100110
0110011001
1110101111
0001101111
1111111110
1001111110
0110011011
1001111101
0001010110
1111111101
1110101000
0111010110
0001100011
0011110011
1110111011
0101001111
0000011010
1111101100
0011111110
0110010010
1111100011
0111011111
0111011110
1110100001
0010110010
0111101011
1000101111
0001101011
0100001011
1111111011
1111100111
1001111011
1010110101
0101001001
1010110111
1111100000
1001111001
0001010010
0001011101
0001010011
1110100010
1111111001
0010111111
1110101101
0010111110
1110100011
0111101000
0100001001
0010101111
1101101111
0011111001
1110111110
0011111010
0110010111
0101011011
1110100100
0101011010
1111110101
1110100101
0100001111
0010100011
0101000011
1101101001
1110111000
0101001101
1000110110
1101101010
1110100110
0011100111
1111110010
0010101011
1101100000
1000111101
0000010111
0000010110
1000111110
1110110111
1111110000
0101011111
1100101011
0011101111
0010101001
1101100011
1110111100
1110110010
1001110111
1000110011
1110110001
1111110111
0101011001
0011101101
1101100101
0001110111
1101100100
0001110110
0111110011
1110000011
0010011110
0010010011
0010011101
0111111100
1010111011
0111111101
1010111010
1101111111
1000011111
1010100000
1101111010
1101100110
0111110001
0111110000
0010011111
1110001101
1101111000
1000011101
0101010011
1010101100
1010100011
1010101101
0010000111
1000010010
0111110110
0010011010
0010011001
1101110001
1010101110
1110001011
1000010110
1101111100
1101110011
0101010110
1010101001
0101010111
0101100010
0111100011
1000101001
0000000011
0111101101
0101101101
0001111001
1010110000
1011000111
0111101110
0111100001
0101101110
1000101011
0000011011
1010111101
1010111100
1101110110
0101101000
0000001001
0110000011
0110001101
0001110011
0111111010
0010010110
1011001101
0111100100
1011011001
1101010111
0000001111
0111100101
0110001111
0001111111
1011000011
0111111111
1010111001
1010100110
1010100111
1011011011
1101011111
0011001111
0101111100
0101110010
1001001001
1100011011
1011010010
1101011101
1011011101
1101010010
1010011011
1010011010
0011000011
1100000111
0101111110
0100111010
1011101011
1011011110
0101100110
0101100111
1010010011
1111001011
0101111001
0101111000
1001000011
0011011011
1101000111
0100100011
0100101101
1101011001
1011010111
0101100001
1010011110
0101111011
1100001101
1100000011
1001001111
1000001011
1111001111
1011101110
0100101111
1110010110
1001011010
0010001101
1010010110
1001000111
1101000011
1101001101
1010101010
1111010110
0100110110
0101110101
0100110111
1000001101
0101110100
1100001001
1101001111
0100111111
0010001011
1110011111
1001010011
1110011010
1111010011
1111011101
0100110010
1000000111
1110000111
1101001011
0011001011
1000011001
1001011111
1110011001
