0100000110
0000111111
1011110010
1011111100
1011110011
0011010100
0100011000
0100011001
0110100111
1001010110
0000111101
0001001001
0001001000
1110110100
0100011110
0000111110
1001010000
1100100111
0001001011
0100010011
1011110100
1011110101
0100011101
1100111111
1001010101
0001000100
0011000101
1100111101
0001011110
1111101001
1011100010
1100010001
0010110111
0001000111
1001101101
0001000110
0110111101
0100010100
0011011101
0110111110
0011010010
0001011001
0100010101
1011100001
1100010110
1100010111
0001000000
1011111000
1100000101
0011010001
0000100111
0001011010
1100011110
0001001101
0001001100
0011010111
1111101010
1011100100
1100011100
1100010010
0011110111
0000011100
1111100110
0110011001
0110011000
0001101111
0110000000
1001111110
0000010000
0110011011
1001111101
0001010110
1110101000
1110111011
0000011010
1111101100
0011111110
0110010010
0110011100
1111100011
0001010001
1110100001
0111101011
1000101111
0000000101
0110000101
0100001011
1111111011
0110000100
1010110101
1111100000
0001010010
0001011101
0001010011
0001011100
1110100010
1111111001
0010111111
0010111110
1110100011
0111101000
0100001000
0100001001
0010101111
0110010111
1110100100
1111110101
1110100101
0100001111
1101101001
1110111000
1000110110
1101101010
0110010001
1110100110
0011100111
0100000010
1111110010
0100001100
1101100000
1000111101
0000010111
0000010110
1000111110
1111110000
0011101111
0100000001
1101100011
0000010101
1110111100
1110110010
1001110111
1110110001
0110010100
0011101101
1000011000
1101100101
0001110111
1000000100
1101100100
0001110110
0111110011
0010011110
0010010011
0010011101
0111111100
1010111011
1010111010
1000011111
1010100000
0010000100
1101111010
1101100110
0111110001
0111110000
0010011111
1101111000
1000011101
1010101100
1010100011
0010000110
0010000111
1000010010
0010011010
0010011001
1000010000
1000010001
1101110001
1010101110
0010000001
1000010110
1101111100
1101110011
1010101001
0101100010
0111100011
0000000011
1010110000
1000010100
0110001010
0111101110
0000001110
0111100001
0101101110
0000000000
0000011011
1010111100
0000000010
0101101000
0000001001
0110000011
0110001101
0111111010
0010010110
0110001110
0111100100
0000001111
0111100101
0110001111
0001111111
0010010000
1010111001
1010100110
0011001111
0101111100
1100000000
0101110010
1001001010
1001001001
1100011011
0011001100
0011000011
1100000111
1100000110
0011001110
1011101011
0101100110
0011000001
0101111001
0101111000
1001000011
0011011011
0011000010
0100101101
0101100001
0011000110
0101111011
1100001101
1100000011
1001001111
1000001011
0011011000
1011101110
0100101111
1001011010
0010001101
1001000111
1000001000
1010101010
0100110110
0101110101
0100110111
1000001101
0101110100
1001000010
1100001001
1001000000
1100001010
1001000001
1000001110
0010001000
0100111111
1000000001
1000001100
0010001011
1001011100
0010001010
1001010011
1000000111
1001000100
0011001010
0011001011
1000011001
1001011111
