0000111111
1011110010
1011111100
1011110011
0110100111
1001010110
0000111101
1110110100
0100011110
0000111110
1100100111
1011110100
1011110101
0100011101
1100111111
1100111101
0001011110
1111101001
1011100010
0010110111
0001000111
1001101101
0110111101
0111000111
0011011101
0110111110
1011100001
1100010110
1100010111
1011111000
0000100111
1100011110
0001001101
1010001111
0011010111
1111101010
1011100100
0011110111
1111100110
0001101111
1001111110
1001111101
0001010110
1110101000
0111010110
1110111011
0101001111
1111101100
0011111110
1111100011
0111011111
0111011110
1110100001
0111101011
1000101111
1111111011
1010110101
1111100000
0001011101
1110100010
1111111001
0010111111
0010111110
1110100011
0111101000
0010101111
0110010111
1110100100
1111110101
1110100101
0100001111
1101101001
1110111000
0101001101
1000110110
1101101010
1110100110
0011100111
1111110010
1101100000
1000111101
0000010111
0000010110
1000111110
1111110000
0101011111
0011101111
1101100011
1110111100
1110110010
1001110111
1110110001
0011101101
1101100101
0001110111
1101100100
0001110110
0111110011
0010011110
0010011101
0111111100
1010111011
1010111010
1000011111
1010100000
1101111010
1101100110
0111110001
0111110000
0010011111
1110001101
1101111000
1000011101
1010101100
1010100011
0010000111
1101110001
1010101110
1000010110
1101111100
1101110011
0101010110
1010101001
0101010111
0101100010
0111100011
1010110000
1011000111
0111101110
0111100001
0101101110
1010111100
0101101000
0110001101
0111111010
0010010110
1011001101
0111100100
1101010111
0000001111
0111100101
0110001111
0001111111
1010111001
1010100110
1101011111
0011001111
0101111100
0101110010
1101011101
1011011101
1100000111
1011101011
1011011110
0101100110
0101111001
0101111000
1101000111
0100101101
1011010111
0101100001
1010011110
0101111011
1100001101
1001001111
1111001111
1011101110
0100101111
1110010110
0010001101
1010010110
1001000111
1101001101
1010101010
1111010110
0100110110
0101110101
0100110111
1000001101
0101110100
1101001111
0100111111
1110011111
1111011101
1000000111
1110000111
1001011111
