01110100100101
10010101110110
01100010110000
01100000010101
00000111100111
01101001000001
01100101110101
10011110100001
10011100011010
00110100100111
00101000110001
10001010011100
01101100011010
00110100111000
00101001001101
00001000001001
10000100111100
01000100110011
00001000000111
01010011000001
00010001001011
00001010100001
01111010101011
00011001001101
00110111101101
01001000011000
01011100010101
01011011101000
01111010000101
00110001010000
01100110010101
01000001111000
01110111010000
01101001011110
00110010000010
00110010001100
01101011100101
01010000101011
01000111101010
00101001010011
01100000111011
00101100101001
00110100110100
00111101100000
01110001110011
00110101000100
00101110110001
00111010010100
01010011001100
00110101011011
10010010101100
00100110101000
01100110011000
01101010110110
01000011110001
00000010010100
01010100000011
00110011100111
10010011011110
00000001110110
01110111111100
01100000011010
01011111011100
01000011111100
01101110101111
01110001111110
01011001011110
00100100011101
01110111000011
00001110101010
01001111101100
01011111101111
01011100001010
00100001000111
01010111011010
00100011100010
01010001000111
00111001010110
00001101000110
01110011101000
10011110011100
01011110011101
00000101111111
01100110111010
01100101101011
01000001010111
00100010010001
00000000110101
10011111010010
01111100111100
00010000110111
00100010011110
00000101110011
10011110000000
01100011101111
10010110111010
00100000000100
01101100101000
00101011100100
01011010111011
00111000101111
10010100100011
10010100101100
00111001111011
00001111010001
00010010001010
10010000111000
01010001001000
10001001011110
10011110001110
01001111111111
00011001010000
01111000110101
01000000001110
01011100011000
00011011010101
00000011001000
01011100000100
01010001011010
00011001010011
01000001000100
01111110110110
01101101110011
00110011010100
00100000011011
00100111000100
01110011111011
01011010100111
10010100111110
01010111100011
01111001001111
00100001100001
00001100101011
01000000100001
00001111000010
01100100111100
00001110110011
01100101001100
00111000111000
10010101000011
01101101010100
00000000100111
00001111001101
00110010110111
00100101001111
01001100010000
10011101010101
01110011000010
01110011001101
01111111001111
01100001100100
00101101101110
10010100111101
00001000111101
00001110111101
01011110001001
01010010011010
01110110101010
01110010110011
01110010111101
10011101101110
01000010110111
01001011100110
00000000010001
10000010111000
01010100111010
01100111100101
10000110100010
01000100011111
00110100001101
01010100100110
10011101011000
01110000011001
00000000010010
01010100111001
00110101100101
00111001011000
00100011110111
10010101011100
01010111010111
00000001000011
00111110110101
01000011000110
00001110101111
01010010101010
01011101100001
01001100111110
00111100101110
10011100111100
01001110110101
01001101001111
01010111010100
00001001101111
01101010000110
01011101101100
00001011110100
01000011011011
01110000111000
01111001101001
01001111010110
01001011101001
00111101110010
00111110011001
01001011011111
10000110001000
00101100111111
01101110010011
01010110111100
00111100101100
01101000101010
01110101101110
01001010001100
00111100111111
10000111000110
00011000100011
01101000011111
00110110110010
00010010100000
00001101110111
01110001110110
01100111001000
10011111101000
00111100110011
01101011110010
00101100110000
00010011110000
01100000001001
00101111011000
01000100100110
10011111101011
01011011010000
00010010111111
01000111110001
00111011011111
00000011101101
00001011001001
01000101101001
00000111101001
01111000000000
00010000010001
00110110101101
01001010010010
01001010010001
01011111001010
01010001111101
01011011000011
00100000111110
00100111110000
01001000001011
00100100101011
01101100001001
00000100000111
00111011000010
10011111100111
00100110111100
00110101101011
01111110011111
01100010001110
01111001011101
01010000100000
00011000110010
00110001111111
00101010011111
01101110111000
00111111111100
01111010011100
00110111101010
01110111101001
00010000101101
01110010001001
00001101100001
01110001010100
01000101000101
01111001110000
00000010000011
01111111110001
01001110001111
00110111010101
01011000110100
01000010000000
01100000101101
01110100100000
10010101111101
00001010010111
01011110111001
01010110010010
00000111100011
01111101000111
10010101110001
10011001000100
00101110100100
00111101011001
01101000100100
01111010010010
00111110001000
01101111000110
01111111100010
00101110010100
00011100000001
01101011011100
01011000111001
01010000011100
01110010000111
01001101110010
01100110000001
00100110101110
00000000001001
01011000100101
00101100000010
01010000010001
01001001110101
01101111011011
01000001101111
00101100000001
00101000110110
00110101011100
00111000011010
00110101000001
01000010001101
00100011011000
01100110011111
01010101110000
01101011010001
01110111100100
00011011110011
00000111011111
01011111000100
00111110000111
00100010100111
00111010111111
01111011110111
10010111110110
01000010100010
01110011101110
00100111000011
10010110111100
01001000101100
00101111101001
01010010010101
00100001000000
00110001000110
01111100111010
01100100010110
00000110001011
00111010110001
10011000000100
01011001100100
00111001101100
01110001000101
00111000010101
01011000010111
00100010000100
01100110101100
01100110100011
00001101011101
01001110100000
01011001101011
00110011010011
00110011011101
00100110000010
00111011100101
01101101100110
10010111100100
10011111011001
00000011001111
00101011110010
01100101010010
01011101010011
01010110000000
01100100000111
00001100011011
00110110000001
00100011101011
01011010100010
00101011110001
01001111100111
01111101111001
00110000001101
01101100100011
01011011111110
01001111111000
01011110101011
01111000110010
01000101001010
01110101011110
01000110011001
00111101010111
00001100001000
00101111111011
00110110011110
00110010111100
00000110010101
01001111000001
01100001100010
00110011000001
01010101011011
01000000111010
00101111111101
01111001001000
01010010001110
01111111001001
00100100110001
01001001011100
00111100000110
00110000010000
01111100001101
01110010100101
00101000001110
00000011101011
01001011111101
01011110001110
00111000100001
00110100001000
00001001011011
01111110101101
01001000110010
01110010100110
00001011100000
00101001111100
00001100000101
01100101011001
00111011101110
00100001111010
01001110111110
00100001111001
00000000101110
10010100100101
00011010010011
01110100001011
00110000101010
01101001111111
01000010111101
01000011001100
00111111000001
01101111100000
01001100000110
10011100110110
01111000101110
00101010100011
00101010101100
01110110001100
10010010000100
01100111111111
00001001101010
01001101001001
00111110010010
01001111011101
10000001001100
01100111111100
00110100011010
00011010101101
01101110001011
01010101000101
10011101001100
00001011010000
01110001001110
00010001100000
01001001010001
00100101010110
00000000011001
01111100010001
01101001100011
00101101100101
00010000001001
01010101101100
10001100100100
00010011111001
01001011000100
01101111010111
10011100111011
01011010001000
01010010101101
01110110111111
01011011011001
00101101001010
10000111000000
00111010001010
01000100010110
01100000000011
01011101110110
01010100010101
01000100101101
00010011100110
01011100100111
01101010111001
01010011110010
00010100010011
01010110110101
00101111011110
00000010101000
00010100011101
00011001100111
01100011010110
00001000100110
00101010001000
01000101111101
00000001010100
00001011001110
01100111001110
10001100111010
00110001110101
00010000000110
00111011001011
00000011110101
00110111100110
01111111011010
01100011001001
01000110100100
01100010011010
01111101001100
01111101000010
01001001000010
01011010000110
10011001111100
01110100110111
00100100100010
00010100000010
10011110101101
00110000100100
00000100010000
00001110110100
00101010000101
01101011101010
10011111111111
00111010011011
10010111010001
01111110000100
00000010111011
10000101011010
10001111111100
00000101010001
00110110111001
01010001100111
