11001101101001
01110100100101
11110111011101
10010101110110
01100010110000
01100000010101
00000111100111
01101001000001
01100101110101
10011110100001
10011100011010
00110100100111
11110100100110
00101000110001
11011100000110
11111101010011
10001010011100
01101100011010
11111010011000
00110100111000
11001101010110
11100101110110
00101001001101
11011011101011
00001000001001
10000100111100
01000100110011
00001000000111
01010011000001
00010001001011
11000010001010
00001010100001
01111010101011
00011001001101
00110111101101
01011100010101
01011011101000
01111010000101
00110001010000
01100110010101
01110111010000
11010000010101
01101001011110
00110010000010
00110010001100
01101011100101
11101000101110
01010000101011
11011001011111
11010100001101
00101001010011
01100000111011
11110111100011
11000101010011
00101100101001
00110100110100
00111101100000
11101011011010
01110001110011
00110101000100
00101110110001
00111010010100
00110101011011
10010010101100
11001101111011
11010000100101
11100110101001
00100110101000
01100110011000
01101010110110
01000011110001
00000010010100
01010100000011
11001110011011
11110001101101
00110011100111
11111001010101
10010011011110
11100000001000
11011011010111
00000001110110
11101011111000
01110111111100
01100000011010
01101110101111
11000111010101
01110001111110
11011000101101
00100100011101
01110111000011
00001110101010
11001001100011
11110100011011
11001000101011
11000001011001
01011100001010
00100001000111
11000000000011
00100011100010
11110010011101
11110010010011
01010001000111
11111101111110
00111001010110
00001101000110
11001000010100
01110011101000
11111100100001
11110100000100
10011110011100
11001110101011
00000101111111
01100110111010
01100101101011
01000001010111
11110001000001
00100010010001
00000000110101
10011111010010
11100001011000
11111110110111
01111100111100
00010000110111
00100010011110
00000101110011
11101001101100
11100001000100
10011110000000
01100011101111
10010110111010
11001111100010
11101110110010
11110110010001
11001010100001
00100000000100
01101100101000
00101011100100
11100100001111
01011010111011
00111000101111
10010100100011
10010100101100
11111110111001
00111001111011
00001111010001
00010010001010
10010000111000
01010001001000
11001100000001
11101000110000
10001001011110
11010010011111
10011110001110
01001111111111
11001110010100
00011001010000
01111000110101
01000000001110
00011011010101
00000011001000
11100100000010
00011001010011
11010010000001
11101001110010
01111110110110
01101101110011
00110011010100
00100000011011
11000011010000
11100100001110
00100111000100
01110011111011
01011010100111
11111110111010
10010100111110
01111001001111
00100001100001
00001100101011
11101101011101
01000000100001
00001111000010
11100100111001
01100100111100
11100011110101
00001110110011
01100101001100
11101111111101
00111000111000
10010101000011
11110010111011
01101101010100
00000000100111
00001111001101
00110010110111
00100101001111
01001100010000
11011010010110
10011101010101
01110011000010
01110011001101
11101111111110
01111111001111
01100001100100
00101101101110
11111000100100
10010100111101
00001000111101
11100111010010
00001110111101
01110110101010
01110010110011
01110010111101
10011101101110
01000010110111
01001011100110
00000000010001
10000010111000
01100111100101
10000110100010
11111100011100
01000100011111
00110100001101
11110011011010
10011101011000
01110000011001
00000000010010
11011000000011
11101010001101
11100111101101
00110101100101
00111001011000
00100011110111
11001001010011
10010101011100
00000001000011
00111110110101
01000011000110
00001110101111
01010010101010
00111100101110
10011100111100
01001110110101
01001101001111
00001001101111
11010001110100
01101010000110
00001011110100
01000011011011
01110000111000
01111001101001
01001111010110
01001011101001
11111111000100
00111101110010
11111000011001
00111110011001
11110110101100
01001011011111
11010011100000
10000110001000
00101100111111
11000011100011
01101110010011
11101000000111
11110000111110
00111100101100
01101000101010
01110101101110
11100101101010
00111100111111
10000111000110
11000110110111
00011000100011
01101000011111
00110110110010
00010010100000
00001101110111
11011011000110
01110001110110
01100111001000
11110000100010
10011111101000
11001100100111
00111100110011
11111110000101
01101011110010
00101100110000
00010011110000
01100000001001
11100000111100
00101111011000
10011111101011
01011011010000
11101101001101
00010010111111
01000111110001
00111011011111
00000011101101
00001011001001
01000101101001
00000111101001
01111000000000
11101110001000
00010000010001
00110110101101
11100101100111
01001010010010
01001010010001
11101010010000
11010010111111
01010001111101
01011011000011
00100000111110
11111010011110
00100111110000
01001000001011
00100100101011
01101100001001
11110101111000
00000100000111
00111011000010
10011111100111
11010001101010
00100110111100
00110101101011
01111110011111
01100010001110
01111001011101
01010000100000
00011000110010
11010001101001
00110001111111
00101010011111
11101111000110
01101110111000
11110001010110
00111111111100
01111010011100
00110111101010
01110111101001
00010000101101
01110010001001
11011100011111
00001101100001
01110001010100
11010010110110
01000101000101
01111001110000
11001010101000
00000010000011
11101100001100
01111111110001
01001110001111
00110111010101
01011000110100
11001111110100
11000111101111
01000010000000
01100000101101
01110100100000
10010101111101
00001010010111
00000111100011
01111101000111
11101001001010
10010101110001
10011001000100
11100110000000
00101110100100
00111101011001
01101000100100
01111010010010
11110100110010
11100010100111
00111110001000
01101111000110
01111111100010
00101110010100
00011100000001
01101011011100
01011000111001
01110010000111
01001101110010
01100110000001
11110100110001
00100110101110
00000000001001
01011000100101
11101000010110
11001000000000
11100000100001
11101011000000
00101100000010
01010000010001
01001001110101
11001000011111
01101111011011
11101110101010
01000001101111
00101100000001
11001001100110
11010100001000
11101011000011
00101000110110
00110101011100
11010000010010
00111000011010
00110101000001
01000010001101
00100011011000
01100110011111
11101100010011
01101011010001
01110111100100
00011011110011
00000111011111
11001010010101
00111110000111
00100010100111
11100101010001
00111010111111
01111011110111
11000111000011
10010111110110
01000010100010
01110011101110
11111010100000
00100111000011
11100011101000
11011000101010
10010110111100
11101010111111
00101111101001
11011010110001
01010010010101
11101001101001
00100001000000
00110001000110
11111101100111
11100010010111
01111100111010
01100100010110
00000110001011
00111010110001
11101010111100
10011000000100
11000000011011
11111100010110
00111001101100
11110011101111
11010011010101
11000000000110
01110001000101
00111000010101
11010001000010
11110011100001
11110000001111
11011011110011
11011011111101
01011000010111
11101101100100
00100010000100
01100110101100
01100110100011
00001101011101
11100001011111
01001110100000
11011010101101
01011001101011
00110011010011
11110001011001
00110011011101
11111001100010
11010010011001
00100110000010
00111011100101
01101101100110
11110101000000
11100011100110
10010111100100
10011111011001
00000011001111
11110110010111
11111011110100
00101011110010
01100101010010
11001010100110
11111101101010
11100011111011
01100100000111
00001100011011
00110110000001
00100011101011
11110010010100
01011010100010
00101011110001
01001111100111
01111101111001
00110000001101
01101100100011
01111000110010
01110101011110
01000110011001
00111101010111
00001100001000
00101111111011
00110110011110
00110010111100
00000110010101
11001111001000
01001111000001
11110110000110
01100001100010
00110011000001
11110000010010
11010010001011
00101111111101
01111001001000
01010010001110
11000011000101
11110110011000
11001000110111
01111111001001
11111110101000
00100100110001
11110011001100
00111100000110
00110000010000
01111100001101
11111000111111
01110010100101
00101000001110
11100011110010
00000011101011
01001011111101
11111011011000
00111000100001
11101101011010
00110100001000
00001001011011
01111110101101
01001000110010
01110010100110
00001011100000
00101001111100
11111000110011
00001100000101
01100101011001
00111011101110
00100001111010
11001111001010
00100001111001
00000000101110
10010100100101
00011010010011
01110100001011
00110000101010
01101001111111
01000010111101
00111111000001
01101111100000
01001100000110
11111011101101
10011100110110
01111000101110
11100010001100
00101010100011
00101010101100
01110110001100
10010010000100
01100111111111
00001001101010
11111101110101
11101111101001
01001101001001
00111110010010
01001111011101
11000110000101
10000001001100
01100111111100
00110100011010
00011010101101
01101110001011
11101010001011
11001001000101
11110101010111
10011101001100
00001011010000
01110001001110
00010001100000
01001001010001
11101100110101
11111011001001
00100101010110
00000000011001
11111011101110
01111100010001
01101001100011
00101101100101
11110000101011
00010000001001
11111110000011
11000110110011
10001100100100
11100111001011
00010011111001
11000100010000
01101111010111
10011100111011
11111111011110
01011010001000
01010010101101
01110110111111
01011011011001
00101101001010
10000111000000
11101000011101
00111010001010
11001100111101
01000100010110
01100000000011
11101111010001
01010100010101
01000100101101
00010011100110
11000000110010
11111101001011
01101010111001
01010011110010
00010100010011
00101111011110
00000010101000
00010100011101
00011001100111
01100011010110
00001000100110
00101010001000
01000101111101
00000001010100
11011011000000
11011010001111
00001011001110
01100111001110
10001100111010
00110001110101
00010000000110
00111011001011
11000001110001
00000011110101
11000010111001
11101100001011
00110111100110
01111111011010
01100011001001
01100010011010
01111101001100
01111101000010
01001001000010
01011010000110
10011001111100
11100110110100
01110100110111
00100100100010
00010100000010
10011110101101
00110000100100
00000100010000
00001110110100
00101010000101
01101011101010
10011111111111
00111010011011
10010111010001
11010001101110
11111111000010
01111110000100
00000010111011
11000000101101
11111011010111
10000101011010
10001111111100
11100100111111
11010100010001
11001011001111
00000101010001
00110110111001
01010001100111
