0110010
0010011
1110001
1111110
0010110
1010111
1001001
1001011
0101000
0111100
0111001
1010100
1011011
0001110
0100100
1100111
1111011
1010011
1111100
0110101
1101100
1010000
1110010
0011101
0011110
0011011
1000100
1110100
0100010
0010000
0011111
1101000
1111101
1100101
0000111
1111010
1000101
0100101
1100110
0111101
1101001
1110000
0001100
1001110
0010100
0000000
1001111
1011000
1011101
1100000
0001011
0100111
0110001
0011000
0001001
0101001
0010010
0111000
0011010
0000010
1100010
1111111
1000000
1101111
0000110
0101110
1010001
0001101
1011010
1000111
1001000
1110011
0010101
0101101
1011001
0110011
1101011
1000011
0110110
1110110
0111010
1111000
0101111
0101010
1011110
1000110
0100011
1100011
0010001
0100000
1101010
0011100
0110000
1001101
1000010
1100100
1100001
0001111
0111111
0111110
1001100
1010010
0110111
1000001
0101011
1111001
1001010
0001010
0110100
1110101
0000001
0000101
0010111
1101110
0011001
0000100
1110111
1101101
1010110
0101100
1010101
0001000
0111011
0100110
0000011
0100001
1011100
1011111