1001101
1111011
1000110
0110100
0011001
0111111
1001011
1011111
0010111
0110110
0001010
0101101
1010011
1010101
0101011
0101110
1011001
1010110
0111010
0001111
1100010
1101100
1110000
1011010
1111110
1100001
0101000
1001000
0110001
0100111
1101001
1111000
0000000
0011110
1100101
1110001
0011011
1000111
0000101
1110010
0011000
0111100
0110011
1111101
0010100
0110101
0000011
1011100
1100100
0100001
1010000
1110111
0100010
0010010
0011101
1000001
1101010
1100011
0111001
0001001
1001110
1000010
0110000
1100110
0010001
0100100
1101111
0000110
1000100
0001100
1100000
1110100