01001111110
11011001000
00001101001
00100000111
11010110011
00010111100
01111010100
10111100101
01110111110
10101010010
01100101010
01010100000
10010010110
10100100000
11101111101
01000010010
00111101110
10110111001
00001010110
01111101011
11111010111
11110000001
00011011010
10011110000
01010001010
11000000100
11101011001
01011110010
11100001110
00111110001
11111100010
00001001100
11010011111
10101100011
01000101101
10110011010
01011001101
10000110101
10000001011
01101110111
01000001111
11011111100
10010100111
10101011100
11100010011
11011100001
10000111010
00100001000
11110110100
00010000001
11100111000
10001000111
00101100100
00111011101
00110010000
01010110101
00100110001
11001100010
11101110110
01110100111
01111111000
01000111011
01100001001
11001011111
01011011001
01001110001
10100101100
11111111011
11011101111
00101111111
01101000101
00011000010
01110011101
10011001011
01000111000
10111001000
00001111000
01001000011
10100010101
10011111101
10110001101
00010000100
00110110110
10001101110
00001100111
00100110010
11110101101
01100011100
01101001110
11111011110
10000010000
01110001100
11110000010
01111101101
10001011001
01001100100
11000111110
11111100100
10010001110
00010101011
01101010000
01010000011
11000101011
00110100100
00011100101
10111111110
11000100111
00101111100
00010101000
11000100000
10010100010
00101001011
11100110001
01011000111
00110101001
10101101010
10111011011
01101011011
01110010111
11001110011
00000011101
11001010100
10100011111
10110100011
11001011010
00000110100
11011101010
01011010111
00111100010
10111010001
00010110011
00100101111
10111101000
10101101001
00111000110
10101001111
01110011010
01111100110
01101000010
10101000100
11101100000
10011110111
00101111010
10010011100
11110001011
00111110011
11100111111
00010011000
11110000100
10000001001
01101100001
10110101110
11010010001
00110011111
01010000110
00101011110
10010101111
00000010011
00000000000
11101100111
11010011000
00011010011
01111001001
00001001010
01000000101
01100100100
11000010110
00001010000
10010111001
11001111001
00010111111
00101000001
10100000011
11111010000
10101110101
00011110100
11010101001
10000100110
01100010110
01010101110
10100000110
11011010101
10001001000
11001001101
10110001000
11011001110
01000001110
11010100110
01001101000
11110101000
10011000000
00110111010
10001110011
01110111011
01111110001
01010010000
11101101100
11011010011
10100011000
10010000101
00001011111
10010011011
00111010111
11101001010
00100011001
11111001111
00100111101
01001011100
11001100101
00100011011
00001010101
11110110010
10001100100
11001000001
00011101011
10110110101
10101111011
00000001110
01001100011
00101010101
00110001111
01000110101
10000101101
10101110000
00011101110
11100010101
11000001010
00111001100
01010110110
11000110000
01110000000
01100100011
00010001011
01011000000
10011010110
10000000010
01010011110
10100110111
11001001011
10000011100
10011111000
01100110100
00000100010
00100000101
10110100000
00110010010
11000011101
01011111111
00110001010
00110100101
10110111100
11100001101
11101111010
01100100110
00111100011
10010111110
11010001101
11011000010
10010101100
00011100000
01000110111
01010111001
10011001101
00111111111
10110010100
10000110001
10111110100
01111011010
00101101000
00000100001
00001111101
00101001101
11110011001
10100101001
11000001000
01100010001
10110010111
11011000100
11001000110
11101010011
00011011100
10111000011
10000010111
00011011001
10110000111
00100011110
11111000101
10001110110
01000011001
01011101100
11010111010
00101100110
11100101011
11100000111
01101110000
11111110101
00111001111
11100010000
11100100101
10011101001
11101001100
01010000101
01000000100
10111000110
00001111011
11011010010
10011111011
10010000011
00110000011
01001001110
11010111100
00000101100
01110010011
10001100001
01101011000
11111100011
10000111100
00000001101
10010110101
01110111101
01001101011
01101111101
01010100101
01110001110
01001101111
00001110010
01111001000
11111011101
00111111000
10001011010
00010010101
01110110000
01011100110
11110110111
01000001001
00000111011
01000000011
10010110000
01101010111
00010111010
01101101001
10111101101
00010110111
11001110111
00111000000
01110001111
00011000111
10100111110
11111101111
00111010010
10100110010
11000011011
11011111000
10101000000
00101010110
10111010010
00111000101
01110100001
01100100111
00100010010
01010101011
11111011100
10011101111
10011011101
11000010101
01110101000
01011111110