011001000
111011000
010100101
001010011
101110110
010100010
100010001
101110111
000111101
000111011
100010101
101101000
010010010
000001001
010111100
100010000
010010000
011011000
110001000
111100011
101000101
000101111
011001100
101011111
101001011
011101101
010110110
110111001
010011000
100101011
000101000
111011100
000000011
001110011
111111010
010100001
110011001
011110001
100010010
101101011
110001001
001011001
100110000
110100100
101000001
010101000
101101100
100010111
101101010
110111011
001000001
100010011
110001101
111010110
010000010
100111110
110010000
110100011
100100100
101100001
110110111
010011010
100011011
000101110
010101010
110110011
001001001
010011001
100111001
000110111
110100111
011101111
100100101
000110000
111101011
100011110
010110010
111110111
111000001
111001001
011101001
111110010
110011110
010010011
100110001
010110011
000101001
111101000
101000100
011010110
110010101
010001011
101100100
000000101
101010100
011101110
010111110
010100000
111101001
100001000
011010101
100100011
000011100
011010011
111100010
001101100
000010010
101110000
110001111
000000001
011001111
001101000
001010111
010100100
001110010
001011100
011100011
110110101
001001110
100001100
010101101
100010100
100101001
111000101
000100010
001100101
111011101
111001110
111011011
111000100
010010001
011100001
001110001
100110110
110101001
011100010
100110100
100000010
100111101
111010011
011010100
011110011
111000010
011000110
001000101
010000111
000011001
011010111
101111011
111100001
001001101
100001110
000011000
100110010
111001011
111001101
110110110
001111010
101110011
011000001
100011010
110000101
101011101
100001001
011110101
110101000
010011110
000011010
101010001
000000110
101010110
011010010
110110001
001000011
111100000
010000100
001000000
011110110
110001010
001101001
000001101
101011011
110011101
101111111
111100111
110000111
011111000
000011101
001100011
001101010
001011011
110101110
110111010
010111011
111011001
000111010
001111011
101101101
100001111
000100101
110001100
101010101
101001100
000010111
101110101
111010000
011110000
111110101
111111111
000000111
100001010
100010110
011110111
101010000
000000000
101011100
001000110
011111011
101011110
110000100
101101001
010001000
011101011
001011000
001101101
111100110
000001100
001101011
100101010
001010110
100111000
000111100
100110111
111001000
001111110
100100010
000100100
000111111
001111000
000001010
010100111
101110010
101001110
010110000
100101111
110101111
010101110
001110110
101100101
000011011
111111100
011101100
011110100
001110000
110000010
011001010
001101110
000100001
111101010
101010010
111110110
000101101
110111110
011000000
101111100
000110010
011101010
111011111
011011110
011100100
000001110
001010000
110010001
010100110
101101111
010000000
111101110
101001001
011011101
110110100
101010111
110010011
101011000
011001011
100000111
010111000
101100000
010001110
100000000
101101110
101111101
011100000
100011001
111110001
000100000
001110100
111001111
101100011
001100000
101011001
110001011
010010111
011011111
010011101
001110111
110111100
000110100
000111110
001001010
101000000
101100111
111010101
111000000
111010010
001001000
010011011
001101111
001111111
101000011
101111000
101001111
001000111
101000110
100100000
010101011
111001100
100000001
010001111
110100010
000001000
101110001
001100111
111111011
110010100
001000100
101111001
100100111
011111110
110011100
010111001
000100011
011011001
010001001
001010101
101110100
101000010
110011010
100000100
100101101
011100111
100100110
110010110
100000011
010001100
111110100
011100101
001001100
100110101
110000001
100111011
001011010
111000110
110100110
100011100
110000000
100101100
010000001
010110100
011111010
010110101
001010100
001011101
110110000
111000011
000011110
000010011
011010001
010111111
000001111
100101110
100000110
010111010
011011011
000100111
000110110
010101100
111011110
001111001
111111001
010011111
011110010
110100000
100000101
100001011
010000110
110101101
011001101
011001110
100011101
110100101
100101000
110011000
011001001
000111000
000110011
101100110
000000100
000010101
110010111
010010110
111110011
100001101
001100001
000011111
010001101
000111001
000110001
001010010
001010001
011000111
111101100
010001010
101111110
000101011
111111110
001001111
111110000
110101010
101001010
000010000
111111101
000001011
011111101
111101111
010101001
001000010
010110111
011000101
110000011
001100100
000110101
110011111
001001011
111001010
011111100
110011011
011011100
000010001
110111111
111101101
100110011
110110010
101000111
100011111
111010100
110000110
000000010
011000010
100111111
011011010
001011111
000010110
110101100
001100010
010101111
010010101
111010111
100111100
010000011
001111101
101011010
111100100
010011100
011111001
000100110
111111000
010010100
001111100
100100001
101111010
101001101
011000011
011111111
101010011
111100101
100111010
101001000
011000100
110001110
011010000
000101100
011101000
000101010
001110101
110100001
010100011
001100110
000010100
010110001
011100110
001011110
010000101
111000111
100011000
111010001
110111000
110101011
101100010
111011010
010111101
110111101
110010010