001011001100
001001101110
010001011100
101101111000
011011010110
000101001110
010010101000
101110110010
101001011111
111000110011
100110001001
010111111101
011101011101
101010000000
100101100010
101010011011
011011110011
000101100001
010000000011
110110101101
100111110010
001000010100
011111111110
100011100100
111101000101
001011011101
101010111110
110101110011
110011001111
001001000011
100111101111
101110001010
000100110011
001111011010
011110010111
100000000011
000000111111
000100101111
001010100001
011110100010
010101110001
111011100110
101100000100
001111111001
010100001101
100100001100
110010001100
110101011010
001110000101
010101100011
011110101001
101111101000
001001000100
011011000000
100001110101
111100111101
000011011000
100001001101
111101010111
010010011111
100111111100
001010001001
011101111011
100101010110
100000111010
010110111011
110001000110
011111100011
000000100110
011100000110
101000010010
011110001111
100010101110
000111110101
010111001101
001111000110
100010010101
100000110001
010001101001
001010011110
100001111110
011011111000
010001010000
001001011001
010110100111
110011000011
111010111101
101110001100
110110110111
101011110000
011110110001
011111010010
101010100111
110110000011
100001111001
011111000100
000011100010
110100011111
101101100100
101011000100
111111110101
100110111000
001111101101
101101011100
001110111100
011010000101
011000100000
000110010001
110010100010
101000110100
010111101011
001011110110
110000100100
001111110000
100010100010
001110101010
000110100001
101010001101
110000010010
101110111111
011011111010
110101101000
111000011100
011100100101
111010101000
111110000001
010011100111
000110110110
011000110101
011000001100
101000111001
010101110110
111001101011
011011011011
000110011111
110001000001
111001100111
100111001010
000100001011
100010110110
101101000000
111100110110
011000011111
100010110000
011100010010
000011010100
101100110101
110111001001
011010010000
010011111111
110000111000
101110110001
000000011000
111101010010
100011111000
001100101100
001101110010
100111100001
100101101000
110010000111
110001011011
000001000110
001000010001
100100011011
111101101010
010101010111
110011101010
101001001100
001101001101
111000001010
011000111010
010011000100
110011100101
000000000101
001110010011
110001010100
101101101111
111011100000
101011110111
011111110101
000111101001
100101111101
010011001110
110001101110
101001111101
010111110011
110100000101
001010110101
000000011110
011111001010
110010001001
100001100000
001001010111
110011101100
001010101111
110010111011
001100111000
111001110001
001001000001
010100110100
000001111100
001010111000
010100000111
111000010111
000011110001
100111000110
001010110010
101101001110
011010011101
111100011011
001101010110
110010010001
011001001011
101001110110
000000010010
101100100000
111100110000
101110010100
111110111000
000001100101
000100010111
010100011001
101000100101
010000110111
011110011011
100101000111
101000001000
101011111100
111011000101
111000100010
010111000011
101101110011
101011100010
010011010010
110010111100
111101110001
001010100110
001110011111
000001110000
011010000011
000000110010
010101111000
001011111011
010011010111
010000010101
001001011010
110111010101
101011101100
000101001001
010001011110
110011010100
011010101110
011001001101
101011101011
011001100010
100011111111
110111110000
111001100100
010101100000
101001000110
000111011011
110000100111
110000111101
000011101011
010000111000
011111000111
001101111110
000101111011
111101101101
101100011110
110101011101
110100101001
100111110111
011000111100
111010011111
000010001000
100111011000
001000100111
101000101110
010001001111
101100101011
100110000000
000000101000
010010111010
110001001000
011101011010
010111101110
011010001000
100010101011
101001111011
000111000010
100011001011
000010001101
010011011001
111111111000
111101000110
010110011100
001001001111
101111010000
111111101001
010111110100
010100000000
111001001111
010001100000
010010000010
110101111001
001100100110
100010010011
100100010111
111000101000
011101110000
111001110010
001100000001
100000010100
000010110001
001011010000
111001111111
011101100001
111110101011
111000000100
000110101000
011000101111
001101010101
100000101001
101010011000
111000011001
110000101010
001011001010
111110011010
000000001111
111010110010
111110000111
011010011100
010010100101
101100011101
100010000110
110101100101
011110111010
101100111010
010000101110
101100000010
011010110111
000010001110
011011101001
010100111111
110110111110
100110100100
100001010111
110111011111
101010101100
010111100010
001100111101
010000100001
111110110100
011010100000
111111110110
101111111101
100111000101
101000100000
001000101100
001000001101
101110100101
100001010000
011101000000
010100101010
110001100001
100000000001
001011001001
111010101111
010011001011
110111000111
111011000010
010010000111
011111011111
001111110111
110110010010
111010100110
001011100101
101110000001
000011100100
000110000110
110110110001
101001010010
000100110101
101011001111
001011111110
001010000100
111100100010
101100000111
110110000110
001010001011
000101110111
100100111011
110100100110
100001011100
111000100001
111011011000
000100000010
111110010000
000011000011
010010010100
101000011101
001000011011
110101101111
100011001100
010010101011
000010101010
000011101000
101101010100
100101010001
101100111001
100001001011
001100001000
001110110110
011000110010
010101101001
000101000101
001110100100
010100100010
010100010011
010110010111
001010010111
101111011001
010111001000
100101111010
110110100000
101111000011
001110001001
011111101100
010010110000
110111111111
011100001010
010110010101
000111011101
110001010011
010110100011
100011000111
100010011111
101100110100
011101001001
001001110001
011000100011
000000110100
000110111010
101101100001
010010111001
010011110110
001001110100
010110110110
110000010000
010001000010
001000101010
110100110010
110111100100
011001110110
000111100111
111111001110
010100111001
100000100010
010101000101
000010010010
110000001111
110100010111
000110011000
110011110011
110101110100
110011111101
100001100110
000001101111
110010110100
110111111001
110011011110
110110011001
101100010000
000101100011
111000111110
110111101101
111011001100
111100101110
110010010010
001101101110
101001100101
100110101010
001000110011
110111010011
011110111111
100101011011
010001110010
111000000101
010111011010
000100100101
010000011010
001111001111
001101010001
101000000111
001111010101
000010100000
111110010101
111011011101
001100000111
101100101101
000110110011
100011010001
111111011001
101000011110
100011101001
000011101101
010110001011
001000110000
100101101011
111111111011
011010001001
101101101100
001001101000
000111111110
001001100010
011011000001
110100100011
001000101001
100100110110
111011011110
001000111011
011101110100
110111110110
111111100001
011001010101
101111001100
011001111000
011000000010
010011110101
100111110001
101100110011
011011111101
011011010101
100000111111
000110101110
001001111111
001010000111
110111001010
001111100000
111110001000
100001100011
101010010100
110011100000
000110110000
111101110111
100100011010
000010000001
000001011011
011100101001
101001011000
001100111111
101000101011
001111011110
111001010101
011111100101
110010000101
100011011101
011110110011
110100010110
101101100110
011100010001
101011010111
111001111010
101100010111
000101111000
000100011100
110111000100
010000011011
011111001101
100110001110
110001111111
010111010000
010111010110
100001101010
001101011111
110000011001
001100100011
110100010100
101011111010
000010100011
010101110101
000011000110
010101111111
101111011010
000101101010
101100001111
100101000000
100110001111
011001100111
110110101010
000111110011
010001001010
101011101110
001111101011
011110000000
101001110001
001111111111
011001101100
001111000011
011000111001
111001010011
100011110100
011001010001
001011011111
011001100101
100010011010
011001111001
100110011100
000010111110
100001110010
011010101101
101000111000
111000001011
101000111111
001100011001
000100111110
101000010000
001010010001
111111010110
000000100001
110010010110
010000000000
100000110011
011101000011
111100101100
111001011101
010110111000
100111111011
111100110111
110100001000
111011111001
110010100001
000001000000
100100101000
010001100100
100100101110
000001010101
001101000100
011101111101
011011110100
000010110100
110000110000
100110100011
001100110010
110111000010
111000011010
000000101101
100000100111
010001000111
011010110001
000010011011
010101000110
010010100110
010111001111
110100111100
010001111110
000111001100
000100111000
010100111110
100111010100
101000010011
101000010101
101011001010
100101001010
010100001010
100100011000
000011011110
101011010010
101100100001
010000101101
000001111111
011111110010
110100010001
100010101101
101111100111
000101010010
110000000000
110010101110
111100101111
001000100100
101110100000
101000110111
110101011110
100001101100
101100001001
100000011110
100100110001
010011100001
100110111011
100101000100
011001001000
000110100010
111001110101
101110010010
110101100111
010110000110
111111100100
111001101000
110011011001
011010001010
110101101100
001011000101
010101000001
111110000100
111000000110
111010010001
100101111111
010000101011
110011111110
011001000100
010001100110
111101111110
011100001100
101111010111
010110000001
100110010110
110111111010
111110001111
001011101000
000010101001
000100010110
110111100011
101101011010
111011101101
000111010111
100100011101
000010000110
110011110001
000111100000
111011010011
011111101000
110011100110
101101010011
101010110011
111011111110
010001011101
111010010010
110001111011
000011101110
000000000100
111010011100
101011011011
101100101000
001110011010
011000011000
010110000100
100110011101
001110100111
111110111110
101110001011
011101101111
110000011101
111101010001
001101010011
110011101011
011001011110
100001011001
100000001010
100010011100
101011111001
110101011100
011110001000
001111001000
101110011001
010110011110
100111000011
110111011100
110100111001
111111111111
101010000011
010001010110
100110111101
100111100010
110000001100
010110011010
011100111000
001001111101
000001101011
001101111001
111101011000
011010010110
100100110000
111111101010
010010011000
100101100101
001010000010
111100011110
100101110111
010101000100
000111011010
101010011101
000110010100
001011100011
000011010011
000010010110
111111000011
111111100010
001001010010
010010010011
000001011111
110001111000
011011000111
011110111100
110101010010
001101100111
001110000000
111100000011
001111111010
000001010001
101110111100
101010111010
111101001100
000000011001
011010001111
100100000110
010111010001
010011101100
111001101110
110000101101
011111011001
111000010000
100010111001
011101101010
011010110100
101110110000
111101001001
010000100010
100000111100
000000001010
110111010000
001110111011
111001001010
110100111110
101011010101
011000000001
111000101101
001100010011
101101110000
001101000010
000100010001
000001110110
111010000111
111010011011
000101100100
011110010010
110110101000
111011001000
101111110100
010101111100
000010110111
111001110000
010101010011
010000110011
111010100101
110100101111
111110011100
001100001100
110010110111
111110010011
011100011011
000110101100
001110101101
111101110010
111100110011
111011110001
110001011010
111000110001
111111110011
100010100101
110111101000
011100110111
011100101000
010011001001
100110111110
010111111100
001111100001
000101101100
101101110101
111010111000
111001100000
011011100010
000001001100
101001001011
100010111101
111011001011
001100110001
111100001001
001000011100
101000100010
011010011010
011100101011
000101011001
001011010011
000000010111
111111111100
010101111010
111001101001
000000101110
100010000010
110000110101
110001110111
010011111011
101100111110
011100010100
100010011001
010000101100
000011000001
001011101111
011001011001
000110000011
110001000101
100000001111
110101101011
110100001110
010110101101
100010010111
010100100111
111010110110
011011100100
010101001011
000001001001
011111010011
110100100001
001001011100
100110100111
001110011100
000011001010
000111010000
111011100111
010000100101
001101001010
010010010101
110110011111
100001000010
100011000001
110110000000
010010001101
000011111100
001001111010
001001101101
111010101010
110100100100
010100011101
110111011011
111101000010
100011100111
110010100011
010110110010
000000011101
100011100011
011100100100
001010101000
111100000001
010000010000
101110000110
001011110101
111100100100
010100011110
110011000000
000011110000
101111000101
111111000000
001001000111
011010101011
101111000010
010011101101
111001001001
010110110101
001010110100
000100001000
000111111000
000000111001
000100011010
011100000011
010011101010
111110011101
100110010011
011101100110
000110000100
101001101001
011100000101
010110001100
001000000011
001110010110
101111010001
001111001011
100100100010
100101101110
110101100110
111100111010
111000000011
110000001011
001101100000
001101011100
001100001111
111001000000
100101110100
000110101111
100001001000
110101001110
001100010000
101110011000
010101001000
111000001111
111110111001
001101001011
001000000000
111011000110
010000001001
110001110010
011000010110
011000100110
000011000000
100100000101
101111110011
011010111011
100111100110
101000100110
100000100100
001000010101
100100111101
110010001010
100011001000
111110100110
011011101111
011011110000
101110010111
110111001100
110100111000
110101101010
011100001111
010100110001
010110100000
001110111001
010110101111
000001100111
110000011100
111010110001
110010011101
001000010110
111010100011
010011011010
001100100000
100100001010
100011110110
001000011010
101000110010
110001010001
100001010011
100011011010
100100000011
101101100011
000101110000
110011101001
111101111001
001100110100
001001100100
110110001101
000110011011
111100000000
011000010011
011100110110
011010100010
010100110010
101010111111
101111001001
111001010111
011111010100
101101110010
101111011110
000110001101
000101110110
011101101100
011011111111
100110000111
100010101000
100011001110
010000001110
011110000011
101011100100
001110001110
001011000010
010000011100
101010001110
010110010010
100100010010
110011010111
001010111111
101110101010
011001110011
110110111101
110110010100
010110011001
100011110011
001010010010
111110110111
001111110001
011000001110
011110100101
110101111101
010001111001
101011010110
000011111010
001100100101
011111001011
000110001010
100000011011
101111011101
001010011000
000100100100
001110010101
110101000001
001100101010
011111000001
101111110110
000110111101
110100101011
010110001110
011111100110
000001100010
011000001001
001011110010
011000111111
000011011001
010111100100
110010011000
000100000001
011100011111
011100110000
111110100000
100110110100
101010010110
000101000011
111101001000
011100011100
001111111100
110110000101
101001000001
110110110000
010100001001
000001011000
101101101010
011011101010
011100101110
101101011001
001110010000
000111000001
100011010110
111010101001
101000000010
001001001110
000001000101
111110100011
000011110111
010100000100
110000011110
000111001011
000100001101
110011000010
000100101011
001000110101
101011000001
101101001011
101110101100
001101011000
001001101011
111111010100
111000110100
101001100011
000110111001
100010111010
111011110100
100010110010
010111110111
010101010000
011000000100
110001001101
010100101101
110100000010
110110011000
101101000001
010111111001
100111011111
111110010110
110010011011
111001010110
101010110000
100010000100
000010111100
111100110101
100101010101
000011011111
011001100000
011101011110
101011011110
110101111110
101011110101
100110010001
101001011110
111001111100
011101001110
000101101111
000101011110
011100101101
001101110111
011110101100
101001010001
001000000110
011111011000
000110010010
000010111011
101100001010
110111100101
001001111000
111100000111
010001001100
100110101001
010101001100
001000100010
111010001001
100111010011
101010001010
010011011000
010101000010
100000110101
000111000100
000011111001
101110101110
001011100001
110110100111
001000000101
011101010101
110011111000
000011000111
001010110011
011111110000
001111110110
000010000101
010010100100
000111110100
011011110111
011000000111
100000001101
000100100000
111110000010
010010000001
011110011101
101010001001
111101011011
110110001110
110010101111
110001100010
111100011000
001100001011
100101110000
100111001000
111100001100
100010100001
011111111001
000111100101
010011110000
011001111101
010101100101
100011001101
110001001011
110000111111
101101011111
101010111001
101111011011
011000011101
001010011101
111110001110
101101001101
001011011010
011110100111
001101111011
111011111011
010000010001
101110101001
000101100110
001000111110
010100101100
001010111100
100011110101
010000000110
101000011010
101001010100
101000001110
110001001110
010111011111
001011001110
101101001000
011110110100
111110101101
111001000011
110000110110
001100101001
011110000100
000010101111
001001100001
111110100101
000000100011
011100111110
010010011110
011101100010
101011001000
111100100111
010000100111
000000110101
000111001110
100110011011
011010111000
100100100001
111111001101
010110100001
011001101001
100001101111
011101110111
110110101100
110001000100
010011001000
011001111011
111101100011
010111000101
101001101101
101010100110
011110010001
010111011110
000111010010
110001110100
000101010100
000100110111
000001010110
001011000110
110110110011
001011111101
100111100000
000001111010
111010110111
011011011100
000100000100
111010100100
000110101011
011001011111
000010001011
110101000000
011101010110
001101100011
001111010010
000101110010
101011011100
000000001100
111100111011
100010001011
101110100011
011001010010
110010110011
011111010111
010110101001
011010011001
110000101000
100111001111
100011101010
110001110001
011100010111
000001101001
001110110111
111111101111
110011011100
111010010100
110110001011
101110101111
100000000000
100111001101
001101110100
000111001001
101010100100
100100101100
010010001011
110011010000
010111011011
110110100001
100001100001
000101011101
011001000001
000010100110
010000110100
110111010110
001010111001
000101110001
101110111011
110000111011
111011110111
100110011110
001000001010
001101000111
110001111100
100100111100
100100010000
110101100000
000111101010
101101010110
011101111010
110011110010
100011010010
010011000010
101011000111
001111010100
111100001101
010100011000
110101001101
100111101001
101001100000
100101011110
011110100110
011110111101
100001011111
110011000110
110001000111
010101001111
110101010000
011110000110
110001011000
101111100010
110100111011
111000111011
001000011111
010001100011
111101110100
000101000000
101101101001
011100110001
010100100110
001110100011
000100011111
000010011101
010101011011
010010111111
100110110101
001100010101
110101001011
000100101001
110010100110
111101100000
000111111111
100011000000
000111100110
000001111101
010100001111
010011010101
000010101100
111101010100
010110010000
001101110101
001011011001
000011001111
010000001000
000100000111
100000000110
000100001110
011001000110
111101001111
111001010000
111110110010
010001110001
101001000101
000101011010
011110011000
101010010001
000001101000
101010101001
101001111100
111111001011
111010101100
000011001101
101111000100
110001101101
010001101010
111010000000
010111110001
111010001101
100101001001
010000100000
111111010010
110010000100
010100010010
101001100010
000001100100
010110001111
000101101101
101010110101
100111110101
100000001100
100011111011
001101101001
111000111000
111100011101
000110011100
000001001110
101101000111
110000101110
000010010000
111100001010
000011110010
111010001100
111000011111
110101000110
010001101000
110010111010
011011001110
110100100101
110111101111
011010001100
001110110000
101001110011
100101110011
111001100110
110101111000
011010110110
001011101001
011101010011
001110110101
011000101010
010101011001
111111101110
000101111101
101011100001
001110000010
011111010000
010010110010
101110001000
101110110110
111010001011
101100100111
100000011001
101000101100
101010000101
110010001110
110010111001
010111000110
100011101111
001001001010
100100101101
111001000010
010001110101
111011110010
001110001101
101100111100
011001010000
111111001000
101111111110
101000001001
111110011111
101000001100
000000001011
100101111001
011001010100
110000110011
111111011010
001111100100
101010001111
001111101100
100010001101
011101000101
110010010111
010100111011
100111111110
100110111010
010001010011
010011111100
100111010010
001110111110
010010110101
110011011010
010001011010
001101011011
100001000001
111001001100
111101111111
001001000000
001101010000
101011111111
000111101101
000110100101
010110101010
101110111101
011100100001
101000000100
000110111111
100100001111
101011011001
111011100011
001011001011
111011101000
011011000011
010100111101
001100101111
101011101000
100000010001
111111010001
101100010101
111101011100
001001100110
101111001111
111111011101
110011011011
011010000110
011100011000
001100010110
110011001000
100110001010
110001101001
101011010000
101100011011
011101111100
101010100010
110100000001
011111101111
001101100010
011111000010
100001111000
111001011110
110100010101
100100100100
100110110010
100001011010
111011000001
110101000011
001101111101
111001011011
010011000101
001011010111
101001101010
101000010110
001111011001
110111011110
101011000010
001101101000
110001101000
110001110110
101111001010
111011010100
100011111101
100100010100
001011110001
111010000110
111010111111
100011101100
010011111000
111111000101
100000111011
011010100111
010101100111
011011011010
111010011110
100011000101
111111010111
010000010110
110001010101
010000001101
011010011110
110110100110
110010000000
000001110011
011000100101
100000000101
110000010101
011011101110
111100101001
010100010000
111100010010
111101101000
101011001101
010101110011
111111100111
101100011100
111000110111
000101010111
111100111100
101000100011
000100011001
100000010110
001111111000
000000111010
001110000111
111111110000
010000101001
101001101111
110000010011
011110101010
110011001101
100101001100
010101001010
011011110001
101000011111
101001000010
011110010101
101101110111
010010110011
001100011110
101110011110
100000011000
110100001011
100010010000
011111100000
010011010001
011110001011
111001100101
001011100110
011111001100
010000111110
010001110100
100010111110
010111101101
001011010100
111010110000
111010010101
111000101100
001010101100
011100100010
001001001000
010111100001
010111011101
110101011001
100100001001
000111010110
011011101100
101111101101
011010111100
001001010000
000001010010
010001101111
010001001101
001100111011
111000010110
110001001010
101100010001
000100101010
001011100000
011110001101
110100110111
111011011111
000001000011
101100100110
101010111100
001111010111
010101110010
001101100101
001010000000
000100100111
000100111100
100000110000
110000000010
110100000100
011111001001
001011001101
100001000100
111010111010
110111100010
100110110111
010101101110
000001111110
010110000010
100010000111
010111101000
001110101000
000010001001
011011100101
011000001011
010100110000
001010100101
111101010101
011001111110
100111101100
001000111101
011110101110
110000101011
001010001000
101100000101
001010011011
111001000111
100110101111
110110111011
101100000011
001111011100
000000000010
011100011001
110000100001
100001001110
010111000000
010001001001
000010001100
110110110101
110000111010
011110100001
000010000111
111011001110
000101001111
010101011100
110011110101
001111101110
001111000001
000010010011
000000010100
110100011010
101010100001
001001011101
001111100010
110001100011
100111011001
010101010100
010110010011
010010111110
010100000101
101100111111
000011100001
110000000111
100000101000
110111101110
011110010110
110111000001
010111111010
110110110100
111101100101
011000110000
101111101011
110011010110
011001110100
010100100011
010001000001
000010100101
001001101100
111010010111
101111100101
010011100011
101000110001
111000101011
100010001000
010100111010
111101111011
110101100001
110110111111
011110011110
111000101111
100110001100
010000000100
000010111101
000100010101
001000110111
000000010011
011001101111
101110001101
110101011111
101011010011
101111110001
011100111011
101110100010
111111011110
101001100111
000111000111
110101110101
101010101101
111100010001
011101101101
101111000110
010010001111
011011010000
010011011100
110001010010
011010010010
111101000100
010110001000
100101010000
110100100000
100110000001
011011001001
001110001111
001010101010
011101011000
101101110110
100000110110
011010010111
110101010111
100100100111
010001101100
100010100000
100101000011
000101001000
010001110111
011001101011
001100001110
110010000011
011011010001
011101100111
001111100111
001001110111
000010111000
100101000110
001000110110
010000011111
011010100001
000011010101
001100011010
010101010101
110000010100
011011001101
010010101100
111000000001
001111110011
011001010111
011101101011
111001111001
110100101010
011001001010
011011001111
100011110000
111100010100
001010000001
010000111101
011100010101
010010000100
100000101111
010100101000
000000010000
001100000100
110111111101
000010010101
110011101111
100100010011
111101001011
000101001010
001000011000
011000110001
010110100100
010011100110
011000101000
110100011011
100011011100
100001101101
010001111011
011101110001
001000111100
000000100000
011001100001
001010111010
101100000000
110100011101
100010110111
001011111100
011000010101
100111101010
011111111101
010110111100
101100000110
101001001101
100110010101
100101001111
011100111100
001011101010
100100001011
010110011101
110111100110
110001111010
001111000101
000100111010
101101111011
010111010100
100001110100
110100001100
101111111000
000110000000
011101001100
100111101011
011101000111
111000001000
010010100000
010011011111
111011010001
111101100100
110100001111
101111101110
010010010110
000100110000
010010101110
011110110000
110001010111
011111101011
100010110001
101011111000
101000111101
001111001100
011100001101
100101011100
101111110101
111011001010
110000001001
101001010101
001110011101
010111011000
000110000111
101101111110
100001110111
000010011100
110110011110
010100110111
000111011100
101011001001
010010001010
110010011111
100010101100
111011011010
110010100101
000010100111
010100010110
101110100110
110101110000
111010110011
001000001111
111101111101
000000110110
100011000110
001001110000
100110000010
011000010000
010000011001
000001110101
111011101010
100100011111
110001011110
001010101011
011110001010
100110011010
100000101011
110101110110
010111101111
010001000100
000111010001
101100010010
000100100110
100001000111
010011000000
111110101100
011001011000
000101000110
101010110110
010111110010
000010011010
100100111001
000000001001
110001100101
101010101010
010001101110
100000010111
111011000111
001101001001
001011011000
100111011100
100101111100
010010110001
101110111000
101000101010
011101011111
100011010111
001010110111
001001011110
000101011000
001110100001
001000101111
001110110010
001010001100
011111110111
110101000101
010011111110
011000011010
001001010101
100001011101
011111111011
100011101101
100111111001
111110001001
101100001110
001001011011
110000111001
011101110011
110010101001
101000011001
000100111011
111000001110
011011000100
110011000001
101001100110
100111000000
111101101100
110100110100
111111011100
010101111101
101001111010
000010011001
011111011110
111000110101
101001000011
110111110001
100101101101
101111000000
010111111011
110101001000
011100000000
010010111101
100110110000
110001011101
110110101011
111010110101
110000011010
000011011101
110101100100
110110110010
111100010011
100011001001
101101010010
100110000101
001110001100
101010000001
101000101101
010101101011
000000110000
001010101110
000001111001
000101010011
010110011111
011100001001
110010100000
110110010111
001100000010
011100010000
110011100100
101100011001
111101101111
101111111010
011101111001
101111011111
010000000101
101000100001
110001010000
000110010101
000011010010
011010100100
111010011000
001010001111
001110101111
010011101000
010100100101
110111111100
111100101000
110110101110
010110000101
001001001011
100100100110
111000100100
010111111111
111010101011
110111100111
111101001110
110100011100
001010010100
101011100101
100011010101
001011000000
001010010011
001010100010
101100110110
100111100011
100111100101
111110110001
010101011110
111001000001