101010101
011100001
010111101
111100110
100001001
011011000
101111100
111010100
111111011
010101110
000101011
010011011
001001111
000110111
101011010
000100000
001000010
000010100
110011000
001011011
111000011
100111010
001011101
100111101
111110101
100010011
110111110
110101000
011111111
000011000
110011001
001010110
100100110
101110000
110001010
001111001
110010010
110110111
101001000
110000101
010011100
000001001
110100001
010100100
010101001
010100111
100001100
011000000
110110011
100010110
101101111
101100100
010100010
000111011
111001110
100101111
001111010
001110100
101011001
001000001
011101100
110110000
011110000
110000000
101011100
110110100
111101101
000101100
111011111
011010111
111101011
110000111
111010010
011011101
001110011
111101010
001100110
011000110
101011111
101001011
011010011
000010010
010111000
011011110
011001001
111111110
111111000
000111110
110010101
010110001
110001111
001101101
000001110
011001011
011111001
010010001
100011011
000000101
101110111
111100010
110101101
010001111
101101000
000110001
101000110
000010011
100101010
001010000
100010001
011100011
110011100
101110010
010010010
001100101
101101001
011010100
000110010
100100001
101110001
101100011
100000010
001111111
001101000
101000000
000110101
010000110
111001001
100100101
100111001
001101011
011111100
011101111
010110110
100111100
000000000
101101110
111111101
001000111
000011111
011010001
111110001
000000011
111110110
110101011
011101000
101001101
110000110
001001100
100110100
000111000
001000100
111000100
111010111
010010000
001111100
000100111
010111010
100110101
101010011
111010001
011101010
000001010
011100101
101010000
011110010
100011101
111100101
100111111
100001111
111001010
110011010
110100010
011100000
111100111
110000011
100000111
010001100
011110110
110011110
010010111
011110101
001100010
110101111
010000011
111001100
000011001
111000000
111011011
000101101
011000101
100010000
101111011
010001101
100001110
011001010
100100011
010111011
000110100
110001000
100000100
101000101
000010101
100110010
010001000
010010101
001011000
001010111
111001111
110101100
111100000
001011110
010001011
001110001
011110111
111011100
110100100
100101000
011011010
010010110
010000001
110111001
101111101
000100110
001101110
000100001
110100101
001001010
000011100
101111110
010110011
111000010
101010110
101000001
111110100
010111111
101100010
110000100
100011010
000000110
110011111
101100001
100011000
011001110
010011010
010101000
100101101
111111010
101110110
111001101