0100010011
1111000111
1011101001
1101111101
1010011010
0100111110
0101101000
0010001111
0001011001
0111111010
0010111101
0011001000
1000000001
1111100100
0001100011
0000100100
1110010000
0000110001
1110011100
0110000100
0111101111
0101110111
0110100001
1100100000
1011110011
0111010110
0110111011
1000000110
0000100111
0110100010
1101001110
1001001010
0101001101
1110111001
1100111000
1101010100
0000101011
1100001011
0111010000
0111111100
0100011000
1111111110
1010110110
0100000110
1000110010
1101110010
1001110100
0101011110
1011000100
1101010001
0111010101
1000010111
0001111010
1101000011
0111000011
1110001001
1010101110
1100101111
0101110000
0111110110
1110011111
0100110010
1000011101
1011110101
0010010001
0001000101
0010100000
0100110101
1100000101
0010111110
1110110101
1111101010
1001010000
0011101100
0110001110
1110000010
0000011100
0010001010
1010111000
1011001110
0011100001
0110000111
1010100011
0010011011
1001100101
0001111101
1000001111
1100010110
1000111110
0000001000
1100110100
1001111011
0111100100
0010001101
1101110001
1111011001
0100001001
1111110111
1101001000
0001010010
1110101101
1101011010
1001101111
1111100001
1110101011
0000010000
0101011011
0001010111
0010010111
0000011011
0110101100
0011110000
0011100010
1011011111
1010000000
1001100000
0010110100
0001111100
0010000011
1010111111
1000110111
0101000100
1000101100
0101000010
1111001100
0111011101
1100001100
0111111001
0101101100
0000111000
0001000000
1101101110
1010001011
0100010101
0011000101
1011011000
1000011001
0011111001
0011000110
1001100110
0100101111
1100110011
0010100111
1110101000
0101001111
0010101010
1000100001
1100100110
1111011011
0100101010
0101000001
0110010010
1001111001
0110011010
1101010111
1001001101
0101100101
0110000000
1101101011
0001100110
1111101101
1110010011
1001101000
0111001110
1110111010
0010011000
1000101001
0010110011
0011111111
0011001011
0011011100
1111000000
0000011111
0000000010
0100111101
0101101001
1011010010
0110110001
0011010000
1001011110
0110100111
0110011101
0001001110
1111111000
0101011000
1011100010
1110100101
1100101001
1011111010
0000000101
0010010010
1010100100
0111001000
1101100111
1100001010
0001110110
1011001001
1000101010
1011111100
1010010100
1110010110
0100100100
0110110110
0010000110
0110111111
1101000110
1011010001
0001010101
0000010110
1001011100
0011110110
1000011010
0101100010
1011100111
0100011111
1100111011
0011101010
1010101101
0111110011
1001010011
1010010101
1111010100
1101011111
0011011011
0000001100
1010011101
1001000001
1010000111
1100000010
0011110101
0111100110
1001000011
0100010100
0000000011
1010011110
1010000001
0011000111
1100000111
1100011101
1100100011
0101001010
1100011001
1010001100
0110000001
0010101001
0101101011
1100111100
0100100001
1111110110
1000110101
1101000101
0000111011
1100010000
1010110000
1110110000
0001110011
1110100110
1111001010
1000010000
1010110001
1011111011
1111110010
1111001101
0001010100
0101111001
0001101101
1001110111
0110101101
0000101101
1011010111
0001001011
1101100100
0111101011
0001100000
0001101110
1001000100
1000010011
0011001001
0000100110
0110111000
1100110111
1011101111
0110001011
0101010001
1110001111
0111011110
0111010011
1110000001
0111110100
0001000001
1010001000
1100001110
0000111110
1011000011
0011011101
1101111110
0111001001
0101011100
0000001110
1001001011
0000111001
0011101000
1100000000
0100100011
1101111111
0011011010
0110110101
0110011100
1111011101