10111100
00001110
10000001
00000100
11110001
11100000
00100101
10100100
11001101
10001100
11010000
00111000
01111011
01101100
00101011
00001101
11111010
01101111
10111011
01100001
01110111
10011000
10100001
10001001
00110100
00100010
01000111
10000010
10000111
00001010
01110000
01100100
00010000
10010011
11110100
00111111
11001010
11011001
10010001
01010001
10110111
10111001
01011101
10011010
01100111
11101100
01001011
01100010
00011100
10111101
10011111
01011000
00000011
11100010
00011010
11100110
11110111
11111110
00110011
00011001
10101010
10001111
00100000
00000000
11000100
01011011
00100111
11001110
00001111
11010011
00101000
01001100
11111000
01101010
11011111
01111010
10011011
01110011
01111001
10101101
00101001
11100101
00110010
11010010
10001000
01010110
10101110
00001000
10011110
10100111
10101000
10110000
11101011
01001000
11111101
10111010
11000111
11001000
01000101
01110110
00101101
10100010
10000110
11100011
00100110
10010010
10010101
11101001
00111110
11000010
10101111
10010100
00110001
10110110
10000101
00101110
01000010
01111100
01011110
00011011
10101011
11000001
00010111
01110101
00111011
00000001
01010101
11001011
10110101
01111111
11011010
00010101
00011101
11101111
10011101
01010010
10110011
00010110
01010100
01101101
01101001
01000011
00010011
11110010
11010110
01101000
01000000
00111101
01001001
11011100
00110111
01001010
11101010
11111011
10000000
01101110
10111111
01001111
00101100
10000011
00011111
00100011
00000110
11010101
01010111
01000110
00000111
10001010
00101010
10010111
01101011
00000010
00001011