11010010001
00110101100
01101100010
01111011111
00001001001
11001111100
10001101111
00011010010
10101010001
11001000110
00101110100
10010110110
10100011101
11100110111
00110100011
11110000101
10000100010
11110011010
10111001110
00000001110
10100001000
00000111011
00000110000
10111111001
00011000111
00100010110
10001000100
01010001100
01000011101
00101011011
11110101111
01010111110
10010101011
10011110101
11000011011
01100101001
01001110001
11101000011
01110111000
11011010011
01000100100
10001010111
11011101010
10010001001
01010100001
01000000011
11101011110
10001011010
00100110101
01110110010
11100010000
10010000100
01011000000
11100101110
00101110011
00010010101
00001101000
11001100101
11101001101
10101111010
01111001000
11000010100
01110001011
00101000101
00011011000
00011101101
00111100110
01111110000
10110010011
11000111000
01101011100
01110010001
01101101111
10100100001
10111100000
00000100111
11011110010
11111010100
00111001010
10000010010
01110100100
11010100000
10011100011
10011011100
01111110101
01001010100
00011111110
00100101010
10000101101
00100000010
11100111100
00000000001
10010111001
01011100110
10100001111
01101000000
01001101011
00111000001
00100011001
01010111001
00010001010
11010001110
11011001111
11111101100
10110111100
01101111010
11011011001
11111101001
01010110011
10000111110
00111111011
00010011011
10010011111
10101100110
00110011000
10111110111
10001110001
01101010011
00110101111
10001001000
01001111111
11010010111
11010000010
00101111101
01100000110
00110010100
11010101101
11000001001
01011000101
11110100010
11100111011
10110100111
11101110000
01100010111
01001001010
01111010110
01111100011
11000110111
01001010010
01100101101
11101101010
10101000000
10111000011
11110111101
01000011010
01001001101
11100001100
11100010001
00111011101
00110111110
11100100100
01010010110
00101101100
11010110001
10011101100
00011110100
00010101000
10011110000
10101101001
10111011000
10000000101
10110100010
01000101010
00001110111
10101010110
01000110010
00001000110
10010010000
10100100100
00000011100
10110000000
11111100111
01110001101
11101111111
01011111001
00001100000
11101001000
10001001011
10111001001
00110000100
01001110110
10101011100
01011010101
10110010111
00001111001
10000001101
11001010001
01011111100
00110110001
00100010000
01101100101
01010101111
00101001110
01010110101
10111111110