0110111001011
1010000110000
0011101110111
0101011101100
0110000011111
1011110101001
1010011100011
1110111010100
1001010111111
1001100000010
0001011011010
1101001110001
1100000001000
0111010000101
0000111000111
0100100100101
1111111100110
0111100111000
1001101011101
1100110010011
0010000101110
0001110110000
0110010010010
0010001000100
0100001110110
0110011111001
0001000001001
0101110001110
1111001001111
1100101111011
1101000010110
0010110111101
0010100111011
1010001010011
1011010011100
0011111101111
0111101000000
1000011101010
1000011110101
0000101011100
0101000100011
0100011000001
1000110000101
1100010101111
1011101111110
1010110100100
1000101100001
1011100011010
1000110011110
1101101101110
0101100010100
0011001101001
1001111100101
0100111100010
1011011000000
0010110001000
0010101000010
1101111011000
1111011010001
1111110111101
0101010011101
1110100000111
0010100010001
1110101001101
1001000101100
0010111110000
1011100010111
0111110010011
1110001111100
0011010100111
0001011010111
1111010111010
0100010110001
0000010110100
0000000111111
0100100101010
1110011001110
0101001011011
1010000001001
1000110110110
1111001100010
0111010100000
1000010011011
1111000100111
0000000010000
0111111011110
0001101001010
0111101110101
1011111101010
1100100100000
1001011000110
1000001000101
0000111101001
0101110101001
0110100100100
0011001001111
0011011110110
1100101011010
1011000110001
1110110000011
0100111010111
1010011011001
0110000100001
0001100001111
1101111100001
1100111100100
1011010000011
0001000111100
1101100110011
0110000101011
1110011010010
1001110010001
0100001101111