0000001
0001100
0001111
1000110
1010011
0000101
1000000
0100011
0000010
1001010
0110110
1111101
0111001
1000111
1111010
1101001
1101111
0110101
0011110
0010000
1110000
0111100
1010010
1011111
1111011
0010111
0011011
0111010
1100100
0101111
1011100
1010100
0101000
1100001
1110110
1101110
1011001
0101010
0101101
0011000
1101000
0011101
0110011
0100100
1001001
1000101
1100011
1110111
1010001
0000110
0001011
0100110
0100010
1001100
1111110
0110000
0100101