001000001000
010100111101
101011100110
110010100001
111000101011
010011011110
100111010101
010001000100
100000011110
011110000110
001111001100
001110011110
111010010011
111101110100
001000010101
000001100011
111111111111
110101101110
111110001001
110100000111
011101011101
011000001111
101101010011
011000110010
111001010010
101100111110
100110011000
001100100100
000111001011
010110000000
100001101000
000010110000
010101011010
010011110111
011110110101
011011101010
000100001101
011011000001
110110001010
100101000000
101111111100
000000000110
100100100010
101011001111
111001000111
000110010011
100111010010
101010000010
110001111001
011111100110
010111101000
100000010001
110111100011
011101101001
101100101000
000100010100
001111000000
001110100111
100101100111
101110111011
001010101011
100001110010
001001101110
111010001100
110010100110
101101000101
100100111001
111011010100
000011011001
010010111000
100010101101
000001001111
000100101010
101000100011
010010001101
010111000111
100110110110
111100100010
001000111111
001101111010
000010001010
110000110101
010110101111
110101111011
101100011101
011100000011
110111011000
010000100001
011010110110
100110000110
010111110100
111010000101
010101110011
111100100001
001001010000
110001001011
011111001011
101100001011
110101010111
001111110001
111000100110
111011111001
011011101101
111000011001
001000110001
100000100100
010001010001
100001011101
011100011000
111010101111
111000110000
110011001000
101011101000
000101110110
011010011011
110100101100
101011110101
101001001010
000000011011
111001111100
001011110010
000101100101
111101001100
000101001000
100111100001
100011000100
010000010110
100001111111
111100110111
011010011100
101101011000
010110011001
101000010110
101001001001
011001100101
100000111010
101000101101
001101110111
010110110011
110101101101
000110101001
110100110000
000010111100
100010010111
011001011110
101010011010
001011010111
100010000011
000011101100
001001101001
000010100010
100011110011
110011110110
010001111101
101111011001
110010011111
000111111010
101111100011
000011000101
101010110000
111001011111
010100011111
111111100000
100101110100
011110101100
111111011110
011100001010
011001110100
001110001101
110010111010
110011111101
110010010000
010101000000
110110100101
000001111000
110000000010
110001100101
110110010100
000011010010
100111101111
011101000110
111001100010
110011001110
001010101110
010000101000
000100111011
100000100111
011000000000
011111010010
000111011111
001100010010
010011100110
111110111010
100101001110
011100000101
001011111111
010110111110
111111010001
110000011100
001110111000
010000100111
101011011011
000111000110
100111111100
011101110001
101110111101
011010010111
001011100000
110000101111
001100111100
111011111010
001101101011
001010110100
010011100010
100010001001
101100000100
000010110001
100011101110
010100110110
101011011100
000000000001
011001011011
110101000001
011011001000
010001001101
100000001100
000100101111
111000110011
001100011011
000100010001
010101111100
101110000001
100110011111
000001010100
000101011001
000110110101
010000011000
011000101101
001101001110
001001000111
110011000001
101001101111
000101110000
010001111010
010110001100
000000110111
101111000010
011111101111
111101101010
111111110011
101110101010
010010000110
011010111001
111101010000
110011100100
100001010111
101100110101
100111001101
011111011101
111110001111
110100011011
010011101011
011000101110
110110110001
111100011111
011110100010
101111100110
000010100101
001010000000
010001001010
100010111100
101101111001
010101100010
001101100000
010101010101
101110010111
101000111000
111101100100
101000100000
110000001001
101001110110
011010100000
010011010011
110110101011
001011100100
001100000111
101110010100
001010010001
010100001011
010010100100
000010111011
011110010000
101001110001
111010101000
000111111101
000101000011
110011000010
101110101101
111100010011
101001000100
110111100110
001001000011
010011110000
111001001000
101010011101
100001011010
001111100101
100110100100
000100001110
111000011010
100101001001
001111001010
001101011100
000010011101
111111001101
101000001110
100110101010
110101010100
101111111010
011100111001
100011100000
001000011110
110000001101
010000010101
011011010101
111011100111
001111010100
110100111010
011110100001
000110110010
110111011111
110110011101
110011011001
110001110000
100101011110
011011110011
111110010110
111110111100
011010000011
101011000001
100100000000
011101101111
010001101110
010100100111
011101111110
101011010110
001100110010
001100001001
000000100100
111101000010
001101001011
000101101100
111010110111
001001111100
000110011010
001010000110
100011101011
111011101100
100010110011
000110101100
101101001111
100111001100
100100110011
011000111111
000001100001
011101010111
011110101011
010000111110
110101010010
000011100111
110100010110
001000100010
001011001101
000110010110
100100100001
011101111000
010110000001
110111101000
100110000101
000011001100
110001110011
110100000100
000001000010
111101100001
011011001110
111000011100
010111001001
010111111001
111110100010
010011010100
111100001110
110101011000
001101000001
001111111011
011000010100
000110000001
111100111101
110001000100
110111000011
101000000111
001001010011
001000001001
001011011000
110101110111
110000111011
000111010111
101010011000
000000111101
101110101110
011111000100
001011001010
011110010100
011110010011
100000101011
110001101001
010000100010
010111100001
101110010000
011001100011
000011001000
001110111101
000011110101
111111001010
100100010111
100011011000
101111101101
001001101010
111110110010