010100111100
010011000011
111101001000
111011111111
111110110010
100110100101
001010011001
011000100111
110101010001
100001101110
000100000110
001001111010
001111001111
100011101001
110010000000
000100101011
101011010100
111000010101
010010011110
101110001100
011111100000
101001000010
000001001101
000111110010
010001110100
110111111010
101100010011
001000110100
111100111001
111000101100
010111110101
010110010011
010010101101
100011010111
110100001111
100000110011
101011100110
011000011010
011101011111
000101011000
101101100001
001000001000
100101011110
001110100111
011100010000
010101101110
110000111011
111010011101