01100100
01100010
01111001
11000101
11000100
00000000
11101110
11010101
00100100
00001111
00110011
11001101
11110101
01010100
01111011
00001000
00010010
11011111
01101001
10001111
10000111
10101101
00010001
10001100
00110001
11011101
11110001
00010011
10100101
11001100
11001011
11011001
00000011
00011010
00010100
11101000
11001010
10011001
10000100
11111111
01011101
10111111
01000111
00011111
01010000
01100001
10010100
10011011
11010110
01110110
00010000
00110110
10101100
01000001
00111101
11001111
10000101
11110000
10100011
10010011
01001011
00011110
10110011
00001101
01000011
10000000
00011000
11111010
00100011
01001110
01010011
10100110
10110110
00100010
01011011
00101000
01000010
10110111
01101100
10001101
01101101
00100000
11010111
00111011
01111010
10101110
01011110
11011100
01111111
11000111
11100101
00111001
00100101
11000000
00111010
10110101
01100111
01100110
00101110
01110101
10010111
11110111
11100111
00001110
00011101
10101010
00011001
01011100
11110011
01010111
11001001
10110100
11101101
10100100
10001011
10101111
01001000
01000100
01001010
10000001
10101011
10001110
11000010
01101111
00111110
11000110
11001000
01011000
11111110
00000110
11010001
10000010
00111100
10011010
01000000
11010011
11101011
11111100
01011111
01100000
01110100
10100111
10111100
10100010
01001001
10011110
00000111
00110101
10011101
00110111
11101010
10011111
00011100
11110110
11010010
11100100
10111011
10011000
00111000
10001010
00110010
10110001
10010001
01111000
11000011
10010110
11100000
01001111
01000101
00101001
00010101
10110010
00110000
01101010
11011110
01101011
01110011
01110000
01001100
10111001
10111110
11111011
10111010
00101100
01110111
11100011
01111110
00001011
01010001
11100110
00101101
11111001
00100111
01110001
01100011
11100010
00000001
00100110
01100101
11000001
01011001
11010000
00111111
11111000
01101110
11101001
00101010
01010010
01111100
10100000
10001001
11110010
11101111
00011011
11111101
10100001
01010110
00100001
01101000
01000110
01110010
01001101
11100001
00001100
00000010
00001010
10000110
11001110
10101000
11011010
11011000
11101100
11010100
01111101
10101001
01010101
10110000
10010010
00000101
00101111
00010111
00110100
11110100
00000100
10111000
01011010
10010101
00101011
10001000
10011100
10000011
11011011
10010000
00010110
00001001
10111101