011010000001
000100011111
011100010100
101001000010
101111101100
101010010111
111101110011
001110110010
110000001000
000001100101
110110101011
111000111101
000010111001
001111011011
010001111100
011101101000
010010100110
110011000011
100011010000
010000001111
111001000100
011000011010
110110110101
000110001100
101001111110
010111010110
001011001101
000100000011
100100100110
010001110111
100101001100
001110101111
110011111010
110101011001
101010101000
100001101011
101100000001
010111001010
011111010001
110110000101
001000100100
111010001111
100100110000
000111100001
111110011001
011001100010
011101000111
101111010110
001001011110
111110000000
100010111110
011011101110
101101011101
100110011011
001000110011
000001010101
001110011000
011011110000
110100011110
111011100101
000001001000
110000110000
001100111000
000101111111
000000010010
000111100010
111110111100
111101101111
011001011001
100011110101
101111100001
100011001111
010110110011
001010001010
110111100100
010100101101
110101000010
111000100011
111111111010
101101110000
110000010111
101100001010
010011011101
011010110111
101000101001
000010110100
000010000110
101010011101
010100101011
001101110101
010101111110
100011001001
101111100111
010010010000
011010111011
010101110001
011100001111
110011111101
001000010110
101110001110
010110101100
101011011011
011101011100