1000000101
1110111100
0011101001
0001001100
0110001101
0011011010
1101110101
1000110010
1000001011
0111000001
0001000111
1100000110
1000011000
0101001011
0111100110
1000111110
0010100011
0100000000
0010110101
0111110010
0100011111
1001111001
0100110100
1001010110
1110111011
0010111000
0001010001
0000001010
0110010011
0100101010
1000101101
0011011111
1111000100
1111010111
1101000001
0101110000
1101011101
1100010100
0111111111
0001100010
1011011100
0100111001
1011101110
1011110001
1010010010
1111011011
1110010101
0000101111
1111001111
0010011001
1001100011
0001110111
0100100101
0010100000
0111011000
1101001010
0110011010
1101101000
1010110111
1000100000
1001000000
1100010001
0011010100
0110101100
1011100100
1111101010
0000010100
1100101111
0010000110
1001011011
1110001110
0110101011
1110110110
0000010111
1011111111
0111100101
0101111110
0000100001
1010001000
0101100011
0000101100
1010011101
1111110000
1010110001
1001110100
1101010011
0101011010
0011110011
1101101101
1000100110
0110011100
1011000010
0101001110
1111100001
0111111100
0101001001
1001001101
0110000111
0001111101
0001011110
1100001100
1101111010
0000111011
1110010000
1110001001
1111111001
0101100100
1100110011
1011101011
0100010010
1001011000
0010111110
0111010010
1101011110
1010000111
0011101100
0111101010
0011001011
1110101000
1010101101
0011110000
1101000111
0011000000
0110100010
1001101010
1010011110
0110110000
1110100111
0101010101
0001101111
0000000011
0100011100
1101110110
1011000101
0111001000
0001101000
1110000010
0000110110
1010010001
1000010111
1100001001
0111011101
0010000101
0000001110
1111100011
1010101011
1011111010
0011110110
0010001111
1010100100
0101000000
1100011011
1100100100
0101111001
0010001001
0110010110
1001001100
1100110000
1011010001
1110100001
1000111101
0100101001
0001100111
1000111000
1011101001
0000010001
0110110111
0011000110
0101010110
0001001001
0001011010
1111100110
1010011010