00010000101100
01011011100011
11000110001001
10100100100010
00111111000100
01110001000001
10111010011111
10100011100001
10010010010000
01111100101011
11010101101101
00001101011010
01101100001000
11001000010100
00000100000111
01100010110010
11111111111010
01000110011110
10001110110110
10110110100100
00001000110001
11110010111100
00101110101101
11100011001010
10011110001010
10111000000101
00010110010101
10010101110011
00001010001100
11110100001110
01011011011001
11100110110001
01100111010011
11001111100010
11001100000011
00110011100111
10111101101000
11011011101111
01011000111110
11000101000000
10000100111101
11101000101100
01010111101000
00111000100110
00100001111011
00010010001011
10101010111010
01011101010101
11000110101110
01001010100101
10101111000111
11101001011111
10000011011011
10110110000011
00100010001110
10011010101001
00011100100000
01100001110100
11101100100001
11000001100111
11010000011011
11111001011000
01110100110111
00110001011010
01110010101010
10000001001110
00111111010010
11011001100000
11010011110101
11101011000100
10001111010000
01101011101001
01010000000010
11010011010110
01000001111000
10111001000011
10000001110010
10100000010111
11111100110100
00100101011101
00101111111111
10110101010110
10100000101111
10011110011100
01111000111101
10101100011011
01111010010000
11101111111101
10010111101010
00100101101110
00011011111100
01001001010011
11001101011110
11011100111001
01101010010111
11011111001100
11110101001011
11110010001000
11011010111011
01101000000010
01101110100000
00011000010110
10010000111110
01010110110011
00001110011001
11000100110110
00000111110001
01101101000101
00000001100100
11111000110010
01110110011100
00110000100001
10101001101011
11011110110101
00100000111000
11111111010001
01110101111110
01011100101100
00101100111100
01011001001010
10100100010000
01000011001101
01001111110100
00011110101111
00011101101001
10001101100101
00010111001110
11101110000110
01100110001111
10010011100100
01010001011100
10011000100111
01110111100110
00111100111011
11010010000111
01001010101010
11101101110111
00001011000001
00100010011001
01000000001101
11100001111001
00111001110000
10100111111000
00111100011110
00101110100011
11111001101110
10100011010101
10010111011101
01110011011111
00110010110110
10001011101110
10011000010001
01000100101001
00010101010000
00001010011010
01010100110100
00010001101111
10000000101000
11001110011000
01000011000000
10001001011100
11100110000101
00000110000010
10110011111101
00111111110101
00000111101011
10111111001001
11100101010010
10010100000001
11110001100101
00101001000110
01110110111001
00101011011100
01110010000100
11001010011101
01110001110011
01001100111111
10011001001101
10011110110000
10011100001111
10001010110011
01000100010001
01001101111010
10110110111111
10101010000000
00101101010000
11101010001011
11110100011101
01110101100000
11011100000100
11101110111011
11000010100011
11010010100000
00011001011111
01011111000111
11011101100011
10110000011100
01000010111111
00110100010010
11111011000010
10110010111011
00110101001100
01100111101100
00111001010101
00101011100010
01011010100110
11000111111100
00001001111101
01100111011000
00111110111000
11100000110001
01100000011110
10100011110110
11000001101010
00100001001001
10101101110001
00111101011001
10000010000101
00100000000100
01000101010111
11100010010010
11110100101000
01101001110110
10011101110110
10100111001010
01110001001111
10101101001110
01111010001110
10010011001000
00010010111000
00000101100010
01010110000001
00101110010101
01011000000001
11001000110111
10001100100100
00100111010100
11100111101111
10010001111001
00011111111010
10010101000111
11010100011000
01111101000010
00000010110101
00000111110111
10000100011011
11110111110111
01011110110010
01111111011110
11011110010011
10101011101101
00111010001101
01010100011011
00010011010011
11001111101001
01101000010001
11000100111010
11011001111011
11110010101101
10011011010100
11001011110000
01101000100111
01100100101011
00101001100101
10111111101110
01001101101100
00100011101100
10111000101001
00000100001100
11000101010001
10101011010011
11000001000001
00110111100001
00001000000011
10101001001000
00110100001001
10011000101010
10111001110101
01001011010110
01111100000011
11010001010111
00111011001011
10101010110100
10110001000010
10100101100000
00011110100100
00110000011111
11100101001100
01001101001011
00001000101000
01100001000011
01000110100000
01111110110111
11011111011111
11111011000001
00101101101011
10001100101111
01111011110111
10000111001101
00010100001010
11110101110000
00011010111011
00000000010010
01001101100110
10000110000110
11010101011010
01110011110000
11110011011001
01000011100110
11000110010100
01010000110000
01010011101101
00011101110011
01101010011011
11010011111110
10001000010010
01100111100101
11001000001010
10010111110010
11001001000110
00011110010110
01101111001011
10011011110111
11100101100011
10010110100011
01000000011000
00111011101010
00001001001111
11100010011110
10111100100101
11111101000110
11010100001111
11110001010100
01000111011010
11001111010101
10111100111110
01010110100111
00000011111010
00010010110111
10100110001000
00001111001110
01101110101110
01111000011100
00010001110110
01010101111001
11010000111111
00011010000000
00010001000101
01011000101001
10110111010000
10000110101001
10111010010011
00000000100011
01011100011001
11110110001010
01111101001101
01100101111111
00000110011100
11011010001100
10101100001110
11001011001011
11110100100010
00110100110100
00100101010111
01001110111101
11111010100011
00001100010111
10010010001110
10001101000001
01010111000100
01111011111001
10100100100101
10111100000000
00100100100101
11111100010111
11100000000000
00101000110110
00010101111100
01011000010101
11010111000001
11000000100100
11101101111101
10011011011111
01110100000110
11011100010010
10100010111111
01111111111000
11001100001101
11111011100100
10100001111100
01101100110110
01010101101110
00001000001001
10101111100010
00111110000111
10110010110001
00111001101111
01100010010101
10001000111011
10011100111000
10110000100010
11101011111000
00011111000010
10000001010100
10101111011100
00110111011011
00100100111010
00101110110010
10001111111011
00011001011000
10100011000111
01001001110001
01001011101000
01111110001010
11111110010100
01111000011010
10001110000111
10011010100110
00101110001000
11100110111100
00100010000001
10110101100111
00001010100110
11010001001001
01010110001101
11011011010010
11001001111101
01011111100101
10001101101000
10010110111100
11100011111011
01110000010001
10110011101001
10111101011010
00100010100000
11000010010001
10011111100001
11000111110011
10001001100010
11010000001100
00000000011111
10101010111001
01100111000001
11101001010000
11110000110111
10101101010101
11001010111100
01101000001110
11101101100100
01001101010100
10110101101010
01001110000110
00110011010110
01110001101010
10100111011110
01111011001100
10110011001100
01111110100001
11111111101111
00000111001001
10101110001101
00101010110001
01101010010100
10010110010011
11100011101100
00110110101101
00000011000011
01110110010010
00111011001000
10010101000100
00000110110100
11111010001001
01110001101101
10100000011001
10010100110101
11000001001111
00100110101010
01010010011010
10000010011010
01010000100001
01010011110101
01001111010001
01001101011101
00100011011000
00011101000110
01101100011001
01000101001010
11100010100111
01011010001101
11001110100101
00010100110111
11011000011110
10110101110011
10000111100100
11101001110010
00100101000011
01010101011111
10101000000011
10001010110101
01011000100011
00111000011101
10110011011011
00101001111110
01010111101011
00010010100010
10001010101011
01111101110001
10110101011101
11010100110011
00001111011111
10110110011110
01000011011011
00100001100000
10111010101100
11010101000010
11111000100101
00001111100111
11100111011111
01110001000000
00000011110001
00101101010010
00011100000100
01101001001101
10111010001111
10000001011111
01011000000111
01001110110000
10100111000001
11001011100001
11011111110100
11111101011100
01110001010101
10110100011011
11101000010111
01001100001110
00111010001011
10011110011001