11001111111011
11111010000100
10100101000010
00001100010111
01000101011100
00011110001010
00110010100011
10100010111101
01011110110001
10010101100101
01101010011000
00110111010000
00101101101100
10010100111110
01101111100111
10001001100000
10001100100011
00010000001001
10111001101111
01010010111111
00111001010101
01011001000010
11000011001101
11000001110111
11100100101000
01111001111010
00111110110110
00000011000110
10011111011100
11110100010011
01100100000101
01001000101001
10001101011001
10010011101010
01100000101110
11001000110100
00101011000011
10111100111001
11110011011110
11110001110000
10100111010111
11011000011111
11000010010000
11101110010110
00100111001000
01011011101100
01010110110010
11010110001111
10111100010100
01111101001001
00100001011011
11011011010001
01100100011010
00001000110010
00100011110100
10110000001100
01110101111101
01010100100100
01010111100011
10111110100000
11001101001110
10001110100101
00001111111111
11100011111001
00111101101011
10101110001011
10001010111110
01001111110000
11110011000001
10111000010010
00000101110011
11011010100011
00110110011001
10100000110111
01111101010110
00010000111000
00001010000001
10011010000111
00010110010101
10001011011010
00101010001100
01000011010101
01101000100001
01000110101010
10000110101100
10111111001101
10010100000010
11110111100010
01111100001111
11101101111011
11000010011011
00110111101110
11000000000000
00011001110101
11100110010000
00010001000111
11111101000111
10100001111001
11000111101001
11101011001000
01110010001011
11100100111101
01001101000101
00111100000010
11010111110110
11101001001111
01010001011011
11010001101000
00111011111011
11110000100110
00100100100001
11111111011100
00101100011110
00001011100110
10011010010100
01000110000011
00001010010111
01110010101000
10011101010000
00000011110001
11010100001001
00111000000110
10001001010110
00100110011100