011001011
100000011
100100110
110011100
101001000
010110010
011100110
111001111
011010101
010110001
000100111
001010100
110011001
111101011
001001010
100001101
010000011
100111001
111000010
001010011
011011110
111101110
010001110
010100100
010010000
101101010
000111111
110011110
110001011
111010011
101100001
100000000
100001010
100100101
001111000
100101000
101000100
111100100
010001001
011110100
110010010
000001100
100110000
110111101
111111000
111010110
111000110
010111100
111110001
110010100
010110111
010001111
000001001
110110111
010010011
110000001
010101101
011000001
010000100
111101101
001100011
011000011
001000110
001011101
101011010
100001001
000110010
000111000
011110010
000100110
011010010
100011011
101101111
010010100
111110110
000101110
101110111
011011001
001011110
001011000
100011000
111100111
110100011
001110101
010101011
100111110
010001010
110110000
000010110
011001100
000101011
010101000
110101001
101001011
010111011
011010110
011001000
100111100
100010100
001110001
101110100
110001000
011101111
010111001
001001100
000110011
100101101
101000011
001000111
100100100
111010100
101010101
010010101
110000100
001010111
100101011
101000101
111011111
111100001
100111111
100110111
000001000
110110100
101101100
010010110
001000000
110111000
101011001
001101111
011101001
101010111
100010011
101011100
100110101
111000000
010011101
000000011
111111010
101010000
111001001
011101100
000100101
010101110
011011010
010100010
001101011
110011111
001101001
001101000
110101110
011011100
000100001
101010110
110000111
001111100
000110000
011111000
000010001
000111101
011101010
010000110
111011100
110101010
110111011
100000110
010011010
100100010
010000000
110100110
000000111
111110000
000011001
000000101
001010010
111011101
000100000
010111110
101111101
001011011
001111110
001000001
010000101
100001111
110100000
111110011
001111011
110110001
110111110
101100101
110101111
000011111
101111110
101100000
011100011
000001101
001100100
110110010
001110000
010011000
111111001
001100010
011000111
110000010
110010001
010011011
111010111
101001110
001110011
101000010
000011011
111100010
000000000
100001100
010110000
101100110
010100111
101110010
001101110
111101000
011010000
111110101
011000100
011111011
101000001
000110110
000100011
011110001
011100101
101100011
101101001
011111101
000101100
110011010
111111100
010111111
001111010
110010011
100100001
111001100
101010001
010011111
110001101
001001001
111011110
011001110
001110110
000011100
100010010
001001111
100111010
100010001
000001110
101111011
100010111
010111010
011100000
100100111
011001101
101110001
001100111
000000010
111000101
111000011
101111000
001101101
000101010
011111110
001010001
001111001
000000100
000101111
101010011
110100101
110001110
110101100
000110101
011110111
111111111
111011000
011000010
110010000
000010000
100110011
101011111
000110100
000101001
001000011
111010010
000001011
100011110
010100001
111011011
101001101
000010111
111010001
110010101
010110101
000000001
010110110
011011111
000010101
110010110
100011101
011010011
000010010
000111110
010010111
000011010
101000111
010001100
001000101
000111011
100110110
100000101
111001010
001110111
010110011
100101110
001100001
001111111
010010001
010000010
010011110
000110001