010001100
000010001
111001001
000000010
001110111
110101010
100000000
100111101
011101011
001000101
000101000
111001111
101101100
101011011
001101010
000001111
110111000
101001110
001001001
010111111
101110000
110000011
010100010
010011010
111100001
100100001
110010100
111001100
011011101
011110001
100011110
101001000
101010101
010100101
110011101
011100110
101100111
100110110
011010100
111010111
100000111
011001110
110000110
000110100
110111011
010010000
101000100
111111010
011101000
001100101
100101111
001000011
000101110
111000010
000111010
010110011
011111100
000101101
011010110
110100100
111111111
110010001
010000111
110110101
100011001
000011100
001010000
111101101
111110100
011000101
001001100
000110000
101101011
000010111
100000101
100001100
111101110
010001011
100001011
000100011
000111001
101010110
001000110
001110010
110111110
000100100
010000000
011100000
110101101
001011110
111100111
101110001
110001000
011010011
110110010
011011010
100010010
111010000
011111001
101000001
010100001
101110011
100111100
100001010
011101111
010011001
001111101
111100010
100110111
001011000
010110110
110011111
010101110
111011001
010010101
101101001
101100010
000011011
011110010
101111110
100100110
100111010
100010100
001110100
111011100
011001000
001011111
110011010
001111011
010001001
010111000
000001101
110101011
001001010
111011011
010010110
001100001
101001101
101111101
101100000
100110101
110000100