01001000
11110110
01111010
10101100
00100001
10000101
01100100
00110111
11001011
01101111
11010000
01000001
11111101
10111110
01010111
01110001
01011011
10101011
00011110
00001101
10011100
10000010
00000111
00010000
00111101
00001010
11101000
11011001
11000110
10011010
11111011
01011101
10010111
10111001
11001110
01111100
01010100
11100011
10101111
00000100
00111000
10110001
01100110
11101101
10100000
10001001
00110101
00110010
11000100
00101011
11100101
10110100
00101110
01000010
01001111
10011111
11011110
11010010
10100110
00010011
11110010
11010111
10010001
01101010
00101001