1010001001
0100100101
0111010110
1110111100
1111100011
0100011010
1001110000
1001001110
0111001101
0010000010
0001111111
1011011011
1010000100
1110011111
0011100110
0010110011
0101000000
0110000111
0000010001
0111101010
1101011101
1111010010
1001101011
1000101000
0010011110
0011101100
1001000101
0011000011
0100101110
1010110110
0101111000
1100111001
1000010111
0001010100
1010101111
1000111010
0110111001
0101110011
1011111101
1100001001
0000001011
1111110101
0000100000
0000011100
0011110101
0101011111
1011011100
1100110110
1101100110
1110010101
0110010000
0001011010
1111001111
1111001000
1011100001
1100000100
0110101011
1111111111
0110110100
0001100111
1000000000
1000000010
0110001100
0011111000
0100100010
0000111101
0010001101
0101000111
1110101010
1100011000
1101101100
0101101001
0111010011
1110100000
1011010001
1100000011
1100101111
1001110110
1010110000
1001001000
1101010001
1000100101
0010001001
0010100100
0101110110
1111100100
1111001010