001000110110
001010101011
001110100100
011001110001
101110001000
010010000101
110001001111
110110111010
000010010000
110111011001
100011101001
011100100010
001001011101
100110111101
010101110110
000011001010
100100110100
101101111000
111110110001
010110001110
010100111111
011010011100
110101100001
100010000011
011101001001
011100000111
011111111100
011001010100
010101101010
111100000100
001101001110
011000000001
000101111001
001110010101
001010011001
101010001110
111010100000
111101010111
010111011111
000111101111
011010111111
000000000100
110100010011
110010111001
110101011110
000000011000
111001011011
110011000001
110111000110
111110001101
100111010000
000101100011
100111001011
010110000000
000011011100
001110000011
110111100111
101010111100
001000100101
000001010011
011010110101
010100100011
111011101110
011111000101
100100001111
010100011101
011001101000
111001101101
010111010011
011101101101
110010100100
000001110000
101010010001
011010101001
111000111100
001000001010
111100110101
000111000100
000010111110
110101001101
010000010000
101001100100
101001011100
000100010110
001111101010
100000100001
111010101101
101001010000
001011001100
000101000001
110101000000
000101011100
101100010000
101111000010
001010111010
001110001111
101001001001
111101100010
100100000010
101101000101
111111100100
110011110010
110000101010
111011111001
101110000110
001101100111
110011010111
110110011100
001101100000
001011100010
111110101010
000100001011
101011100111
001100110001
011111111010
001111011000
000110110111
111001110110
101111001101
110011001100
110001111111
011110010100
110100111001
100001000101
110111101000
110001011000
011110100001
100011001000
100111110011
000100101110
101000011111
011011000010
101101110010
101100001010
111010010000
010011100101
011111010000
110000000101
111110110111
101100101101
101100111110
011111001110
011000110000
111000001110
101000010101
001001010110
000011110110
110000100111
110001110100
110111101110
101010010110
111101101011
111011010001
111101010010
100000101101
111000111010
111010100011
010000101100
001101111011
010010001010
000110110000
010111101100
001101001011
100101011011
111100111000
101111101001
000001100101
010000000011
001010001101
100010100010
111110011011
111011010100
011111011101
011101000011
011100101110
100011111111
101001100011
010001101011
001000010011
100010100101
011011000111
010011011110
110100110110
100100011010
000110011011
110101110011
000011010101
000101000010
000110101001
111110110010
110010001000
101100100011
010011001001
001100101111
010100100100
101110111011
001001000000
100111100100
010001000110
101000101000
100110100000
010001111101
111101011100
100111001110
011011111000
100000111011
010000001110
110101001010
101010000100
011010010111
101111111110
100001000110
100010001001
000010110001
001001111111
000011000111
010010110011
010010010010
011111101011
001100111100
000011101000
110111110100
101001010011
001100101000
101010011000
100000110000
000110100010
111101001000
000111111110
000110000001
100100110010
111111111101
101011110100
000011011001
100101110101
110011000010
010000011111
111100100110
110101000111
000111100110
100000011100
110100001100
001000111101
011000000100
001100001100
100001111010
011001111110
000000101010
110110110111
010101010101
110010010100
111010000111
111010011101
100111011101
010010100001
000110011110
100110000111
111000010110
010010101111
110101010100
110100010101
101100001001
111001110101
101111000001
101010101111
110010011010
001010110100
111110101111
111011110111
101111000111
000111110101
100101101111
101001001111
010000110111
001100000001
011100011110
010111001101
110001010001
001001011010
101000001100
110011111101
010101111000
010011111011
111010011010
110000000010
010110110100
001100010010
100001101110
010110010110
001100010111
110110010001
010010010001
100110010010
010100001011
001110110110
000000111001
111110111000
110000110011
011111110110
011110011111
000100100101
100101001100
100001011001
111101111010
001011110101
010001100000
101111110001
011111110011
111101000110
000010100110
100000100100
011000010101
001010000110
000110011100
100110101011
111101101100
010110000111
110100101111
011110001100
010101011001
111111011010
000101011111
100011010011
100001010111
000000100011
101000000111
001100100110
110110000100
000100111101
010011010000
101010111001
000111010111
010111100010
011000001001
111010001001
011001011111
101011100001
001001111001
110011100110
110010110000
101101110111
000101111010
101011101010
010101100111
011110001010
001101000100
101110100111
000001001011
110010111111
110100101010
001001110010
001111100001
001110101101
010100101001
010100001000
101000000000
100101101000
101000110111
010000100010
001010100000
101110000101
110000011011
101001000110
100011101100
111010110110
110100011000
001010110011
011000111001
101110110101
101011111010
001111110010
011010100110
111001110000
100000101110
111111110000
010100110000
001110101110
010110111001
011010101100
111111000011
111011001000
100100011101
101000101011
001011011011
011100001101
000101101101
010010101000
100000010010
010010111101
010010011000
011100010000
001011101111
100100111000
001110111111
111011011100
111100010001
011111111111
001000011110
000100110011
111001000011
101000110001
000010101101
000011000001
011001100100
000010000010
111011100101
011100111011
111011001101
100010001010
101011111000
001101101001
000010001100
110001100011
011000100011
110001000100
010110111010
010101001110
101001111110
011111100000
000000111110
010001010010
000001010100
110110101101
000000101111
100011000100
110000001001
101110011111
110001011101
100100110111
000100010001
001000001111
100011011110
001110110000
100111111011
010111001011
010101010011
011001001100
110111010101
100010111000
000100000000
111001000101
111101111111
111100011110
100000000001
101101100001
001001101100
100100000101
111111001111
000010010111
101111010100
010000010100
111100001011
100011001111
100010011101
101010110010
000001100010
110001101000
010001000101
001101011001
011100000010
111101011001
001001101010
111111001100
011001101011
111100100111
011010000011
000001001101
001111000110
110010001111
001100011101
011100110010
101000011001
001101010101
011010000000
001111000000
001011100011
011011001011
101000100110
100110001101
011101100001
100110101100
010010011011
011101110000
011001101111
010101000100
100101110001
011010111010
110111111011
001010111000
111110010110
110010101110
010011111100
100101010110
010011101110
011110011000
001100011000
000101110100
001100101011
100000001000
001100000110
000011010010
001111010011
010110101000
000000100000
110101110000
000011111101
110010000110
011101001111
011001001010
100111100010
111100011101
010011001111
011000101111
010100000101
100001100000
001111011110
001100010100
001111101100
010111100001
011110001001
101100010011
011001011000
110100100000
001101111110
111001011110
000101001000
010011110001
001011100100
101011010111
110101100110
010100111100
110100000001
010111011010
010001011100
100011110110
010011100000
010001100100
000001111000
100100110001
011100110100
101000001101
011110100110
110010100001
101010011011
001110111101
100011111100
001001010001
001110011010
010101000010
101110011110
010011100011
001000010000
101011111101
110011011000
001011111110
110000111100
010110101111
001010011100
000010011111
000110000110
010000100110
010100011110
101010000010
011110100111
110010110101
000110111000
111110101100
000001110101
101111100110
011100110111
111111101001
111011000110
011000010110
100000110110
000000001001
010011000100
111011100010
000010001111
011011101101
110110100101
010000011010
110110111110
001001000111
000001001110
000101000111
011100011001
000111001010
011110111101
010000111010
011011010101
100000110101
100111011000
110011101011
011001100110
101011000101
011111011011
010001010111
011101110111
110010011110
101111001011
010111010100
111111110011
100010110011
010110011101
110110001001
110101111101
101111100000
101001111011
110101111110
000001110111
001111110111
110011110000
101010101100
001111001001
010011110111
000000011011
011011110001
110011011111
100110010101
000100001101
100001000000
111111000000
011011000100
011000101010
000000000111
000110100101
111100100001
100110111111
110100011111
100100100110
100101001001
101010001011
001010110111
011011011110
101110110100
010000110001
111000000010
001011000101
011111110101
010001011011
000010110100
011101011010
101001101101
100100011001
101101010001
100110100111
011101101110
001000101110
000001100001
100011110001
101100100100
000111111001
111100011010
110010101011
100111000011
111111011110
100110001000
111001001010
100011100000
010111001000
110001010010
001000000101
101101111100
100010000000
100001100111
100101111110
101100111111
000010011010
110110000010
010101011100
000011111011
111000001000
011000100101
011010100010
111100000111
011001110111
100110001110
111000001101
000000110100
111011011011
011011110010
110100101011
000101010000
111000101111
101110011100
100001101011
000110100011
101100111001
010000011101
100101000011
110000010000
010100110101
100000011110
011011110100
100001010100
001001111100
010001001000
010001000001
100010010110
010101111011
111011111011
011110010011
110011000011
111000010001
010011011101
011100100101
111000110011
000000010111
111110011000
110100101100
001000111011
001100011011
000101110010
110000010111
100001011010
011001110011
111000010111
000111101011
111110000001
001010001000
101100000110
111111010101
101101010110
101111111000
101101101010
000001111111
100111000101
000000011101
000001110011
001110000010
110110001111
001011101110
111000101001
101110101010
001010010010
111010000100
101101011111
101011000000
011000011100
000011100111
111001101001
110001111000
111110100011
001011010100
101101111101
101101100110
011100001100
011101010110
000111101100
000111100000
101111011010
111000100000
101110011001
110110110000
111011010011
000110101010
010010100100
100111011111
110110110011
010111000110
010101101001
000100001100
100111101101
011000111111
010000110100
010110101011
000110010100
101111111111
011101111001
010001111110
111000111101
101101001000
111110111100
100110101001
110000001110
100110111010
100110011011
101110100000
111000010100
100101010001
100001110110
001011010001
010111110001
111010011111
001101100010
100101010010
001100110010
011000111000
111000100100
011001001001
100000111111
001101111000
001011110000
100011010101
110001101100
000111010001
000011000110
111100000010
101010100010
001010100111
001010100001
000011110100
100111110110
011010111110
011101110100
101010000111
111001011101
010100010011
000000110010
000100011010
111010001011
011011011001
110101001011
110111010110
101100011110
110000101000
010000101001
110111100011
111100111011
010100000110
011101100100
011101011101
010111110010
011111010010
110011011011
100010110111
000110001001
011100101010
000101100110
110110111101
111001000000
011100101100
101110010111
001011101001
111101010000
110000110010
011110011110
110010001101
101011010010
110001100101
111110010010
011001010010
100010100110
101100110100
110100010100
010111101101
001110000100
111101100101
001011011111
100100001010
000010000000
000010101011
101011011001
001101010011
100100100011
000111001101
111011101000
010010110110
010010010101
101111001000
100110110100
101101000011
110110100110
010010000111
101011000011
100100101001
101111101111
000111011011
101010111110
100001001101
001001000011
110111011111
110101011011
110001101001
000100100111
101011001110
101001110001
000110101100
110001111010
110010010011
100011101010
100100000000
111100111110
011010001110
011101000000
100001001011
100001111100
001101110001
010110010010
101111101100
011011001000
101000000011
110011110001
011111100111
001111011100
000111001100
001010010111
010111000011
110011111110
101101001110
010011101010
101101101111
000011101101
111101110100
001110111001
011111101000
101010100011
000000101100
001111111101
011110010001
010001101111
111001100110
111101001101
010001110101
011000010011
110111111000
100000000110
000110010011
011010101010
010000001111
000110011001
011001100111
000010110010
010111110111
010000100101
110111001010
011110100000
111100001110
011110111010
100101000100
110111010000
011101010001
111001101010
101000100001
111010110001
100010010000
110110010110
000100111000
110010100010
101100110110
001010001011
111100001000
100101100101
010110111110
010110011011
000100100010
110000010110
101110000011
011000011011
111010000101
000010111011
101000010100
011011010110
101101011010
111011000001
110001001010
111000110110
101111100101
000111111000
111110001010
011100010101
111111101011
111000011000
101100101110
110101101001
100111000001
011101001100
101000110000
010011111000
001111001111
110110000011
110111101101
011111010111
010101101100
101000111010
101011011101
011000001011
101001001010
100010001100
001010000001
110011010100
011110100101
001001110101
100100111110
000011010011
000101110111
011011100011
000111000111
100001000011
100001011111
010111000001
001000100000
111100110000
010110011000
100000001011
010100000001
111100101000
010110110001
011110000110
000111010110
001001001101
001101110100
001001100110
101001101000
000001101100
000010111100
101100100101
011000010010
010010001101
100011001011
100000101111
011010011101
001001001000
110111110001
100010101111
110001111001
001000001100
100001110011
001000101001
100111101001
110001010110
010010100111
011110111011
011110110000
111010111100
010101101111
111001000111
010111111101
011011000001
110011101101
101000011010
100110100001
001110001000
011011010011
001101100101
110000111011
000001101010
001100001010
010101100000
111011100000
000100111011
100010111110
110000011001
000100110110
011000001000
101010100101
101000100010
110111001001
100100010000
000010010001
110101110010
011010001111
100000010011
111011111111
111001101110
001011111011
001011001010
110111100100
111101110001
101001010101
011001000010
000100100001
110101010001
101110110010
000000001010
111111110010
100011110111
011101100010
111011010010
101110010001
000000000010
011011011010
100100010111
010111111111
100010101000
000010011110
010000101101
110000100001
111111110111
100101011000
010100011010
100111111010
001101010010
111010101010
110001110111
011001100001
101011110110
000111000011
110000001100
010110100010
011100011111
001011011000
100101111001
100100010100
110100010110
100011111010
001101001101
110001100010
000110001010
010010111100
001111110100
111110100110
111001001110
011011101111
010001110011
101111100011
111111000101
101111011001
101000011100
101101111011
101110101011
101000110100
100100111100
011111011001
100011100101
101011001101
000100001111
100111111100
110100110111
011001000101
010011000010
000010101110
100000111001
100110000100
101001110010
101011110011
001010000101
010010000100
100010010101
100101110111
101010111111
000001011010
011000000110
010110000101
000011011000
101100011100
111001111000
101101000010
111010001110
100101100000
111100101101
000001010110
001011001110
011110110011
100011011001
111011101011
110100000011
100111110000
001001101011
010101100101
111010111011
010100010000
010100110110
110111001100
110101011000
100001111101
101001011011
101100010101
010000111000
101001000100
011010111001
001100111010
110000000000
110011000111
111110110100
000011100011
111100010011
111000100111
111111001010
010011101001
101111010011
010001110000
001010010100
011011100100
111011111010
000001010001
110011111100
011000101100
000010000101
000100101100
001110101000
000100010101
010010001011
111101110011
100100101011
011010011001
001100100011
000000110101
001100000111
100110110001
011010010001
011001111101
001110100011
111001001100
000110011101
000101101001
010001111010
001100111111
110110100000
001000110011
000011001111
010101001111
011101111100
100101010101
101110111100
110101100100
110000110001
111101000001
100100101100
011000110010
110110010111
100101101010
101110010000
010111011100
101110101001
011010010010
000111000000
001000100010
100011100011
111010010101
011100000000
011100100000
000101111111
011000101011
100000001111
111011100111
110000001011
001011110111
011010011000
000001100100
110000111110
110110111001
011111000100
110000111101
101110001111
010111100110
101001000001
101010111101
101100100010
010010010100
100011011100
000101101110
101000010010
111111101110
101011011010
011111000010
111011001010
100101011110
001110010010
111001100011
010111111011
111000000001
111011111100
010100001100
001001110100
000000010101
100011000010
111001010111
110010011001
010010011001
111010010011
110110011010
101000111000
100010110000
101100011000
000010100000
011110101001
111100100010
100001110000
100111110101
000010101000
000001000011
111000011111
001000011001
000010001110
100111000110
010100101110
011101111110
011100110011
111110101000
100101001110
000111110010
001110111011
011001100000
110111010010
100001000010
011101011000
000001101001
001100110101
100111001010
101000101111
000100001110
001011111101
001000110001
100110000001
011110000111
101101110000
001011000010
111100000000
011001010001
011111110001
111001101111
001111111010
000101011010
100000011000
001101010000
010100111011
100110011110
001111000101
011110101111
011001011110
110110101100
010000001001
100010111011
110010101010
110100100100
110101101111
010011000101
111111111011
000111100101
110101111011
001010111111
011100100011
001111110011
001000110111
011001001111
011111100010
101111011000
101110001110
110010000010
100011101110
110110001011
011110110101
100100100000
110101010111
000100100100
100110110110
101101000100
110010110111
010000001010
101011100100
001110110111
011101010101
011101001000
000001001100
011111101010
110010101101
010100101000
000010011101
000111010010
100101101100
111110111001
111000001100
011101110101
101011101111
111011001001
010100000010
001100101001
010110011111
001010011111
101010001000
111101001110
101101100111
100011100110
001111011101
010011101100
010001110110
000000010110
100001011100
000001001111
100100101101