0101011000001
0010100010100
0010011011111
1011110001010
0010000011001
0000001110110
0111100100111
1011101110011
0111101101000
0010111110000
0110010110011
1110011001100
1001110100100
0110000101110
1101000011010
1000101000010
1100101110101
1000010111000
0111101011110
1110001001011
0101110111100
1101010100010
1101111101011
1111011110110
1110010100101
0101010001111
0011001000101
0100100001000
0100111101101
1011000001100
0000111000100
0100110000011
1100000111111
1010101011000
1110111000110
0111100001001
1100010001001
1000010010011
0101101100011
0101111010111
1101010010100
0001011101010
1101111010000
1110101101101
1010110110110
0010000000010
0100001010001
1111011111000
0011111011100
1001011110101
0101011111001
1000010101110
1001110011001
0110101111111
1111101010001
0101110100101
0111000110100
1100110011110
1000000000101
0111001000011
1011101100100
0111110010010
1000111111111
1111100110010
1100000110000
0101100010100
1101100000011
0100001011100
1111000011101
0011010010001
1011010101111
1110111111011
0011001111101
0100101111010
1111011011011
0110111000010
1110110101100
1011001010110
0111111101110
1011011000000
0001100101110
1010100101111
0000111011001
0101001000110
0110010010100
0010110100011
0000010011010
0111010101000
0001100010111
1011000100001
1011100110101
0101010111111
1011111001001
0010100111000
0110011011010
0010110001101
1111000010011
1110100000111
1000111101000
1111010001110
0001001101111
0011110111011
0001010110110
1010001100010
0000101000111
1001100101001
1001011001101
1000101111100
1001000110111
1100110110001
0100110100110
0010010111101
1001100010110
0001111100000
0001001001000
1111111010101
1011100111110
1101011100111
1111110011000
1101001101101
1111000101011
0010101100101
0100110010101
0010011101001
0001000111000
0001100110001
1110101010010
1001001011011
0011100000000
1111110110111
0110011101111
1100110101010
0100100100001
0001101000010
0011010000111
0011001110010
0010101001110
1001011011110
1101101011111
1011010010010
1000111100011
0110111111000
1010000101010
1100001000000
0000000101100
0011110000110
1111111100001
0100010111100
1110000111001
0001101001101
1110110000000
1010010010100
1100011110010
1110000100100
0000100010010
0001010100001
1111001001110
1011110011111
0111000001010
1101101101010
0000100101011
1010111000101
0110001110101
1010001111010
1010001110111
0000011000011
1101100000100
0010010111110
1001001010001
1000001001001
0100101101100
1000101010101
1011111101010
0100000100111
0011000011111
1110011000011
0000111010110
1100001100111
1111001000101
1000100111011
1010010001011
1001100011100
1100011111100
1101100101111
0011011100100
1101001111100
0000010100000
1100011010101
0101000110010
1000011000110
0001101110100
0101001110111
0110000010111
0111010000001
1010011110001
0110001100000
1011110110000
1001111100110
1110000011000
0111111110110
1100111011001
1010100000011
0001010000100
0110111011101
0101100011001
1101100100000
1011111000111
0101011011000
0010101110001
1100100001101
1101111111101
0100011101010
0000110110010
0111111000100
0011101111111
0101111001010
0011111010001
0100100011011
0100001101001
1100010000010
0011101001011
0000110011111
1000001100001
1111010111101
0010011100110
1001001100011
1000000001111
1001010100011
0101111110001
1100101011001
0011110101001
0001010011101
0101100001110
1100001010111
0100010010000
0111001010000
1110110011101
0000011001100
1000100000000
0110101001001
1000111001110
1100111000001
0111001111011
1011001101110
0001110000010
1000001110100
0000100111101
1110101100110
1001000001010
0010100010011
0110100110001
0111100001101
0111011100011
0110110101011
1100101001011
0110000001101
1010111101100
1110010100010
0110110001100
0011011011000
0110111110101
1000110110100
1001110000101
0001011010011
0001111111110
1101011100000
1101000111001
1011101001111
0011100100011
0010101101010
1000000011110
0100101000100
1100010001111
0111010011100
0111010111010
0000011110101
1010111010010
0101000010110
1001101011010
1110100011110
0000010111011
0110011000101
0100000000110
1011001101000
0001000000001
1001101111000
1100100110111
0011000101101
0000101010000
0100001011011
1111101110100
0000001110000
0111100010101
1000110101111
1010010000001
1010100001000
1011000100110
1110111111110
1101110010011
1010110101001
0101001100100
0110111010011
1001011010010
0101000110001
0010011001010
1011111011100
1010000110000
0111011001111
0011111110111
1101111001000
1001011111010
1010001111101
1011000011000
1100000110110
0010011010000
0111001011001
0001110001011
1100011101011
1110000010000
0110100111110
1111110001101
0010100100100
1011010010101
0001111101111
0001001010100
1010110010111
1001110101100
1010001011011
0100000100011
0110001111110
1111111011010
0110011110100
0001110010000
1110010010110
1010100011101
1001101110011
0100110100000
0110100100010
1011001111011
0000000100111
1000011011000
0011101010111
0110110011111
1101101010110
1011010110011
1111000000100
1001010111001
0101100101001
1011101000001
0000001011111
1101000101100
1101110110010
0101011011110
0011100011010
1100001101010
1111100111000
1010110011011
0000000001000
0100000111001
1111101001011
0100011011111
1101000010101
0111010100110
1111110100010
0110110010000
0110010001001
0000110001100
0000110110101
0000001100101
0100101110110
0010001011100
1101001001001
0101101011101
0000101111011
0000000110100
1111001110011
1001001000110
1101010000111
1110010011111
1010010101100
0101011101100
0011000100000
0011010001011
1100101010100
0111001101100
1000100100110
0010001001111
1111101000000
1110101110010
1011111101101
1101110111010
0011100110010
0000010100101
1110100001010
1001001100000
1101101101110
0011111111001
1011011101011
1000110011010
0110001100011
1000001111101
1010001010101
1100001001100
0000110000001
0101110111011
0100011110111
1101111010110
0110101000100
1101011001101
0010000111011
0011110101100
0010111001011
1010010100000
1110101110001
0100001001010
1010101111100
0101111110010
0000101101000
0110111100111
1000100011001
0101011000010
0010110111000
1100111001111
0111110000101
1111011010111
0101001001111
0000010001111
1110011101001
1000010110101
0101000100101
0111101111001
1011100000001
1111110101001
1110100100011
0001010011010
0110100010010
1100100100100
0111001100101
0011101000110
0111110101110
0000000010011
1000111100101
0101101010011
0111110110101
0000010101001
0010001100011
0000101011110
0010000011110
1110001011110
1111111101101
0101010001000
1110010011010
0101100111010
0000111101110
1010010000110
0111011010001
1110100010100
0111000111001
0101000000011
1111000000001
1011010111000
1101110100110
0001111001111
1010011101111
1101010000001
1110111000100
1001010000000
0100111001100
0011100101000
1110101100011
1000111000111
1000101100100
0111000001100
1110111110000
0010000000101
0001000111010
1100010101000
0011011010101
0000000010101
0111000110010
0001000100111
0001011111110
0111101101100
0011100001101
1000011010011