000100111
111101000
011010101
100110001
101011110
010111011
000001001
011000010
000110100
010100110
111010011
100000000
011111110
110010100
100111111
001110010
010001100
100011101
101000101
100010010
111101111
010011111
110000111
110110010
001101101
001011100
111000110
010010001
110011010
101001011
001011011
000101010
011001011
110101000
111111101
110100011
011100100
001100001
001000110
110011001
000010000
101110111
100111000
000000011
011110111
011011000
100101101
111001101
101001110
010000101
111110001
001111000
100111110
101101010
101010000
001101011
100101100
010101111
100100110
101001000
010111101
000010111
000001110
011101001
111100100
000111001
111000001
001001000
110100101
010110010
101110100
111000111
010111100
010100000
110001010
011010110
111111011
111111110
001010101
011100111
110001101