1101010100001
0011111111110
1010001011001
0000100011100
0001010011111
0010000111010
1000111000010
1110101101100
0101101101011
0011000000000
1110100010111
1010011100111
0011100101101
1100000001010
0101011011000
1111111010011
1001001110101
1110011010100
1001101001111
0101110000110
1001100010001
0000001101000
1100101000001
1011110001001
0100111111101
0100101110010
0000011000101
1111010000101
1000010110100
1001110111010
1110000100110
1101011101110
0000000100011
1011001010010
1011100000110
0010111010111
0011001001110
0110110110000
1111111110000
1000100100101
0000010111001
0101001010111
0110010001100
1111100111000
0110011000010
1101000001101
0011111100001
0110001111111
1111010111111
0100000010110
1100110001111
1100110011001
1101000110010
0111100011011
0110000010001
0111001100100
0001011100010
0111101000001
1011111000100
0111010101011
1010100111111
1010110010000
0111100011100
0100110011010
0000011010000
1111111001010
1101110111100
1010101100000
1000011001011
1101101010100
0011010010100
1100011110011
1001101101000
0010110000011
1100001111000
0010001110110
1001010010011
1000101011110
0001000101100
0110100000010
0101100000011
0011001011101
1110001000101
0100100110101
0011110110101
1000001000110
0101011101101
0100010111110
1010000110001
0101100100000
0001101111100
0010110101110
0100000101111
1001001111011
0010101101011
1101111100111
0000111001100
1000010001000
1000111101001
1010011011010
1110110110011
1011010101101
0001100101010
0111011111010
0010111001101
0010010010011
1111101111001
0000101001001
0100111100110
0101010001001
1010010100010
1110100101001
0111010100111
0011011110001
1000110010110
0001111111011
1001001110110
0111000111001
0001100110111
1110011001011
1101111011101
1011001000111
0110111011001
0110111100101
0001110100000
0001000011000
1010111111011
1011000011100
0110001101001
1101101111110
1111100100010
1010011111100
0100101001110
0011110011010
1101110001000
1110010101000
1101011000100
0100010110101
0111101110110
1000000011111
0000100000110
1100110100000
1111010001110
1011111101111
1011000001011
1100000101011
0001110000100
1101001000000
0000101010001
1110111010110
0111111001111
0010100110100
0010100000101
1111010010000
1110001011100
0011111001000
1001010000110
0110001001011
0100001011011
1111001110011
1000111110000
1010100001100
0101011110110
0001001010010
0010010001111
1011100110010
1001111110111
1100011110101
0010101100111
0101111010001
0100110101000
1000001011101
1011101000011
0100011001100
0000000000000
0111000010111
0101110111011
0000110100011
1100100111110
1001001101101
1000100010011
1011000111110
1011011010110
0111110101100
1001011001001
1011001100000
1110101011111
1110100001000
1110110011100
1101001001010
0011000000011
0000011101110
0101100000101
0011101010000
0010011101000
1111100110101
0100001100001
0001000100101
1011011111011
0110101011000
0110000100100
1100000010100
0000100001001
0100011010111
1000101101110
0101010000010
0010101011100
1010010010101
1110000011010
1110111100011
1001110011101
0011001100110
1001100111001
1111101101010
1110011000001
1101100011111
1100110100101
1010101010010
0010001100011
1001011011010
1111101011101
1111110100110
0110000101101
1000101110011
0101000111000
0001111001110
0000111010010
0111011011101
1100010000011
0101100010000
1100111000011
1000011001110
0001010101000
0100101100111
1000000010111
1000100011000
0101001100111
0001101010100
0101110011010
0001111001011
0000000110110
1111010011101
1011011000100
0101100001100