000101000110
110100110001
001000010011
010000001101
011101101000
010001110011
100011010000
110100011010
001111000001
011110100010
000000000000
100111011111
110011100000
101010100101
000100111111
111011000111
010111111100
100111100011
110000100110
001010101110
101111100100
111010101011
110110000101
010011001010
010101010101
011111010010
001110011101
100011110110
111001111110
101000111000
011011111101
001100110100
101001011111
000001101111
000010110001
000110001011
111001011001
011000010110
001011010100
010110100100
111101110111
100000000111
111111110001
110010011100
010100101011
001101111010
010110011001
101010000010
101100101010
100110101000
111100111101
000110010100
100010111011
111111001000
100011101001
011000001000
100101001101
011111100111
101111111100
101010011001
001011001101
010101101110
111001000100
110001101001
011011011011
101101001010
000001011000
100101110000
110010010010
011001000010
001110111000
001000101001
101111010111
101101010001
111011111010
010010100011
001111011110
011010110111
000010010111
101100100011
111100000011
011100100001
000000011110
001111111011
000101100001
101001110011
110001011111
111110001110
100010001100
100001001011
011110001111
010110111010
110110110111
110111101101
110100001100
101100101111
101000011101
001001100101
100001101100
101100110110
000100010010
011000110000
000110101111
011000101100
011100010111
100100100100
110010111110
110101000011
010011000001
110101010110
001001100110
111110110000
010011110000
100001110101
101001100000
000011100010
010000111000
110000110101
011101010100
001010111010
001101110001
100111011010
000001000101
111101101001
000011110111
110001101010
011101011110
010011001100
111010100100
001100001000
100110000110
000011011101
011000111011
110000000001
000111101101
010010001000
111110011011
011010010101
110111011001
100100010001
101101000100
111111101110
000100111100
001110000101
100100011011
100000110010
110010001111
010111110010
010101000000
011011100001
000111001110
101000010000
011101000111
110111010100
001001001011
101010001000
010010010110
011100010001
101111100010
000110010011
000101100100
101011001110
011101001101
100000010100
101011101111
100101111001
011110011100
010011111111
001000000110
100010101101
001110110110
110100100010
111101011010
101110110101
001000111110
010101011011
000100100111
001011010010
110000001010
001001111100
111000001111
110110001001
111001110100
111010010111
011110000000
011111111001
100111000001
011001101111
111100000000
111011010000
101100011110
001111101111
101011001101
010001110100
010100011000
011110101001
010011000110
110011111000
110101100111
001011101000
110011010101
101010010011
100111101010
111101110010
000101111011
000000111101
010010101001
100001010001
000000101010
111000100111
110111001010
010100010010
011011111110
100110111010
100100111001
011101100100
100011100011
101110100001
000101010111
001101101010
011011011000
011100110111