1011011110
1101001111
1001011111
0000101010
0110000011
1010010011
1101100110
0111010101
1000011001
1101111111
0000100111
0010010110
0011011011
1001000011
1000001110
0011100010
0111100100
0111001110
1000111110
0101111100
1100101011
0000010000
0101000100
0101110101
1100010010
1110011111
1110110111
1010000010
0000110100
1101100101
1110101111
1001101000
0100101101
1001101101
1100111001
0100011110
1010101001
1001011100
0010000100
0110111101
0001001100
0001101111
1011110101
0111011000
1000100100
0110101001
0011000001
1110001000
1110001110
1000001011
0000111000
0011010010
1111000101
0010001000
0010111111
0010100101
1100000111
0111000010
0010000111
0111110110
1111110000
0110100110
0011111100
1001110111
0000011100
1000111010
0100101110
0000010101
1000001101
0101100111
1000110101
0011010111
0010001010
0000101001
1011110010
0101010011
1011101110
0000011011
0001011101
1010011000
0100100000
0111011111
0101110010
1011101011
0001101100
1101010100
1000100010
0110111011
0100111010
0100000110
0000000010
1111111101
1100011011
1110100010
1011000000
1101101010
1101101001
1100111101
0010110001
0100001001
1010010101
1001010000
1010101010
0100000001
0001010110
0101010000
1111011100
1101110001
1110101000
0110101100
0001110001
0010101011
0001001000
1100101100
1111001000
0011001100
0010111110
0011010100
0000000101
0001100011
0001110000
1011000111
0100011101
0010000001
0110001101
1010110000
0111110011
0111100011
1111100111
1101001110
1000000001
0010100011
1011100001
1010001111
1000000111
1001100110
0111111010
1001010101
0011101001
0101000101
1110111110
1110111000
1111001111
1001100011
1110011001
0101001010
1100110011
0001100101
1000010110
0001010011
0011100100
1000001000
0110010111
1001001001
1100110000
1001111110
1111010011
0010001101
0010110010
1110110001
1011100100
1110010000
0000101100
1100001010
0001000110
0100111111
0110010100
1000111101
1010011100
0010111000
0110010001
0111110000
1000101111
1111000110
0101001111
1111010110
0100110001
0110011000
1010011011
1111111001
0001100000
1101000010
0100011000
1010100000
1100011100
0100010100
1011111000
1011101101
0100101000
1100010001
0101111011
1111001011
1101001100
0111001001
1100010111
0000001111
1111101010
1000110000
1100101110
0110110101
0000011010
0000110011
1000010100
1001000100
0101100001
0010011001
1011110011
0010011111
1110011010
1101111100
1000011111
0111000111
1110001011
1011000101
0001000000
0001001001
0101011010
1101011000
1011001101
1100100001
0010011010
1011110100
1101100011
1011011001
0010101110
0110100111
0010011101
0011011000
1100111010
1100110100
0101111001
1100001101
0100001011
1111101100
1101100000
1001111011
1000110110
1111011101
0111101101
1110000011
0100111100
0101001000
1010111011
0110001110
1001011010
0001101010
0001011110
0100010011
1101100100
0000001110
0100100011
0101010111
1010100011
0010110100
1011111111
0101100010
0010100110
1110100101
1001001010
0001111111
1000101001
0010101100
0011110111
1100000000
0100110010
0100100100
0011110000
1110000100
1110100110
0111110001
1100100010
1111000001
1000100101
0110110011
0111111111
1011000110
0110110000
1010000001
0111000000
0011100111
0100110111
1010111101
0001110100
0011001110
1010010110
1101111000
0011011101
1101000011
0011000101
0010010011
0000100110
1000110001
0100001100
1010000100
1001101110
1101000001
0001111001
1001110010
0011111110
0001010001
1011001000
1111110010
1001010011
0100110110
0000100001
1101011001
1010100111
0111101000
0110010010
0000010110
0101001101
1111101001
0000000011
0101101110
0100011001
0110000101
1100011110
0111010110
0101111110
0011000110
0110101010
1101110011
1110110010
1010111010
1011000011
1111111110
0111101011
0001110110
1101011101
0011111001
0100101011
0110001010
1111110101
1110010101
0110000000
1110000110
1010111100
0101000011
1100010110
0101100110
1111011010
1101101111
1110110100
0110111110
1010001001
1000010010
0000111101
1010101100
1111100000
0011101101
0101011100
1000110011
0000010111
0001101011
0011000011
1110001100
0111111100
0010100000
0001110111
0110001111
0000111011
1101001011
1010110111
0110011011
0110011100
1111010001
0111011011
0010010000
0101010110
0110100100
1001000111
1011001010
0111100101
0101011011
1001000010
1011110110
0000000000
0111100001
0100001111
1011010000
0101101000
0011110101
0100000010
1010101110
1010011010
0010001011
1011010111
0011111010
1111000010
1101111010
1111000100
0011001111
0011101000
1111111011
0000111110
0110111001
1000000100
1100100111
0001111000
1010101101
0000110010
1001111101
0111001100
1100101000
1000111100
0111010001
1010100110
0001001011
1011010001
0001011010
0111011110
1010001110
1110101101
1011011011
1100000011
0001011001
1110000001
1001100001
0010011110
0010110111
1011100111
0000001001
1000011000
1011100010
0100100101
0101101101
1101110110
1101010111
1101010010
0001000111
0111101110
1101011111
1000010001
0101011111
1011001100
1000101000
0011000010
1011010010
0101111000
1100000101
1001110000
1000011101
0110100010
1110100011
1001111001
0001010010
0101010101
1100111111
1001000000
0101110100
1100001001
1111100110
1111010000
1110010110
0101011001
1100000110
1110111011
0010000110
0001001101
1001010110
0100001000
1011111100
1010111001
0011101111
0001000100
1110001101
1111010100
1001001111
1111100011
1110000111
0011001010
0110000100
1110110110
1111110111
1010110101
0001110011
0111111101
1101001101
0101001001
1000010000
1011011101
1001110100
1010011110
0000111111
0011010001
0011110011
1000001100
1110100001
1100110101
0011001011
0011100110
0110011001
0010101111
1101000111
0000111001
1001101010
1110111100
0100010101
0100101111
1110100100
0001011100
1000101011
1001000001
0010101001