11101000111
11101111110
11000100110
01101100010
01010101100
11010111111
00011110110
01100101111
11001011011
01110111110
10001100011
10111111000
00110000011
00111110011
10010100010
10111110111
10100110010
01000001110
01001110011
10101010100
01000010111
00010011010
11110100111
00110000100
10100011110
11011101001
11110010100
00001000111
00001011101
01100010001
01001011110
10100000110
10111100101
11001111101
00100100011
11110001010
01111000000
01100011100
00111010101
01000111100
01011011000
10110110100
00101100000
11010110000
00110111101
01111110001
00111101110
01001101000
11001010100
01010000001
10001100100
10111011110
10110000000
00101000001
10100010101
01011100100
00101111001
00110001110
01111010110
00101001010
01100110000
10110101001
11110010111
10101111011
11100111101
00011010011
00000100101
00010001000
11111101010
11101001100
01000000000
01011100111
00000101110
11101001001
01001101110
11101011010
00001111110
10001001111
11001000110
00000110100
10110111010
00010011100
00101011110
00000111111
10100001011
01011001111
00001110101
01110101000
10010011001
01100100001
01111001101
10111100011
10000111100
00000001001
10000000100
01110110010
00011101101
01001000101
00011000010
10110001111
11011010010
11100001101
00001101011
11000101100
00100111010
01101101101
10011101110
00111011011
01010100000
10000010111
11011010101
11011000001
01100001000
10011011111
11100010000
10000010010
00000010000
10111001011
10011001101
01011111011
11111011000
01001010001
00011111001
00011001011
01100011011
01101111111
10100110111
11011110011
11000111011
11100101110
01000011000
10100101000
10111010000
10001111010
00111111100
00100000101
00011000100
10010001110
00010100111
00001010100
11110101011
01100100100
10100011001
11000011101
11101110001
11010001000
01011001010
11001101111
00011100001
01011110101
10000001101
11110011100
00010010110
01000001011
00100001100
10011100000
11000101010
11111100000
10011110101
10001110000
11111011011
10101001000
00101110110
10101011101
11010110110
10010111000
11011111100
11100110100
10100100110
01110000111
01110011001
10110110001
01100101010
11001001000
01010010010
00111000111
01101010111
01011001001
01101100101
11001011100
11010001101
10000100111
11000011110
10010100101
11111001111
10000011000
10111001000
11111110110
01000000100
11110101100
00101101001
10101010001
10111101100
11100100011
00110101111
01101011000
11100011111
01000111101
11000100000
10000000001
00101001111
00110111000
11011011110
10101111000
11001100101
00111010000
11010011001
10111100010
01101111000
00101010010
01111111101
01111010011
11111011101
01001010110
01010010100
10111101111
00011111111
10011101011
10101000011
11000000111
01111101011
10100100001
01001110110
00111001001
10011010000
10001000010
00010110011
00011101010
11111000011
00110010111
01100000010
10010011011
10001111001
00001001000
11100010110
10001100001
11111101101
10001001100
00101101100
00101000100
10010000101
11010011010
10010001001
00100000110
01000110010
01101001011
00000010011
01111101100
11111111001
00100011011
10100010011
11001001010
01001100000
11111111111
01010111010
00010001111
01100110110
10110010110
11010110101
10000101011
10011000111
00000110001
01010111001
00111011100
11101110010
00110000010
01011100010
10110011000
11110000001
10111010011
11011100111
11111000110
10001111111
01000101001
01011111100
10110001101
00011110000
11001001101
10001110110
01110110001
10001101000
11101100100
00011001110
11010100001
10011011100
11011001100
00110110100
11101000001
01111110000
01001111010
00110001001
01101010101
11001010000
10100101100
10101101110
10010110011
01111011110
01101100111
11100111000
00110100000
01101011001
11000010000
00111101000
10100101011
11100001001
01110011011
01001000011
00101100111
01110100101
01110011010
01100001101
00010110101
01010011111
00111111010
10001000000
10001010011
11010010011
10110111110
10010111101
01000100111
01000011010
00001011011
10010000100
01001011111
00010010001
10010010100
01010011110
11000110001
11010001011
00110010000
11101101001
10011110010
11101000010
00011010111
10101110110
00110011101
11010111100
10001010110
11010000010
01110101001
11100001010
10011100110
01100000111
01110100110
01111010100
00010101100
10111000110
10011000001
00001100010
01011010111
00001110010
00100010010
00111100001
10011001010
11000101001
10101101001
10010101110
01110100011
10000100000
01110010101
10101111101
10110101010
11001100010
01110001110
00101110000
00110111011
00100110101
01101111011
10100101111
00010101000
00111100100
01110111100
11110100010
01010100010
00100011111
11111000101
00101001101
01000100011
01010000110
11010101110
10010000011
00111001100
11110010001
10001010101
10001001001
00010011001
11010100100
01101000100
10111110100
00000111010
11110110011
00001101101
00000101000
11000010101
11110111000
10111010010
10000101101
01101000110
00000000010
00100101110
11011110110
00100101101
01010101011
01011010001
10110100111
01011010010
01001100001
10000111110
11100000101
01100111001
00111111111
11000001100
01000100101
01001111001
11001110111
01111001010
00100010100
00011000101
00100010001
00010110110
11111110101
00000000101
00000011110
00001111100
01000110111
00000011101
11101010011
11101100011
11110111101
00000100110
10100011010
00001100110
10011101000
11011011001
10110011101
11011110000
01001110100
00110011110
10000110101
11110010010
01010001101
00010000000
10011111011
00001011000
10010111111
10100111001
11000010010
00101110011
10000010110
11001101100
11101001110
01001001100
00011011101
10100000010
11001111000
11101101011
10100100101
10001011010
01111100111
10101011111
00011011010
10000001010
11001100001
01110000100
01110110100
01011101101
11000000011
11110100001
00100000000
10011110001
00110100110
01010100101
01110110111
10111011001
01100010010
10101100000
01100110111
00101101010
11011000011
10101110101
11110000110
11101111100
00000110111
01000011011
01110001000
11101011101
01011000100
01000001101
00110001010
00010101011
00101011000
10010111110
10110010011
11100000000
00110110010
11111101110
01101011110
01010110000
10110001100
11000011001
10110100100
11100111010
01001101011
01110001111
01111000011
01010110111
01101101000
11011111010
10000011111
11100000011
10010110000
01011101000
00100111000
01001000010
10111011111
10101101010
11000110100
11010011111
11111001000
00010100001
11010101011
01100000001
01000111110
00000001010
00100111100
01101010000
11101010111
00111110101
00001001110
01000010001
00111100010
10000100110
00000101111
10010010101
10101000101
11010000111
10010010010
10011110100
11110010000
01111110110
11111000100
11010010000
01101111100
11010101101
01011101110
11010010110
10000001110
10011010110
11000110011
00001010001
10110000101
11011000010
10000010001
00000100000
11110111011
00100100100
01010101111
10100111111
10111110011
11100110111
11000001111
11011101111
00101010111
11011000000
01010000011
00011001000
00010101110
00000111001
10111001101
11111110010
10100011100
11001000101
00001110111
10000110011
01111011001
10101100111
01101110101
01011011101
00010000110
11100101000
01010001010
10000101001
00010100010
01000111000
00111100011
00110000101
11101110111
01100001110
11000110010
01110011111
00100000011
01100110011
00100100010
00100101011
11010101000
01110010001
01001000000
01001111111
00101011101
11111010100
11110011011
00110110001
01111111010
10010110111
10111000001
10011100101
01001001001
01111100110
10111111001
10100110000
10101001110
11011101110
11101011001
00010010101
01101010011
11011011111
10010101100
01111100001
01000100100
00001100001
00101011001
11100100101
00001101111
10011111110
00101000110
00000000011
00010111110
10001111100
01000010100
11110111110
01111001110
01111001011
10011000101
10011100011
10100000111
00001100100
00011001101
11000111111
00111000010
11001111110
00110110111
01011011100
11101101000
01010110001
11010000001
10101101101
01001011010
10100000101
01110001100
01010111011
11100010001
11101010100