101110101000
001010000101
110011010011
001000101110
111110111111
000011101001
000011011110
011000100011
110001101010
010111010101
101111011001
110000110100
001111110110
011101111001
110111110000
100001111100
111101000001
011110110000
011100111100
010010110110
111010000000
000001110111
011001011010
101010001011
101011010010
111001011111
100110100001
000111100100
100110001010
111001110101
000000010000
010010011000
100010111101
111011001110
110100100111
000101001111
001100010011
111110011010
000110101011
101100010100
100100101110
101101111010
010011111101
001110011101
100001011001
011001000100
000010011011
000101011010
110101010100
000001110001
101000110011
010011000001
000010100010
101010111110
101100001111
110101110011
010011111011
111111100101
001000001001
001011001010
111101011000
101010010001
110010010101
101011111000
101111000110
000111110011
110111101111
001101101101
011010010111
011011110100
011111100010
011010101100
010001000111
010101010110
011001111110
000111011100
101011100000
110001101101
110101111110
100111111111
001111000011
100011101100
111110000111
111100010011
001100011000
101001010101
100000000100
110000100001
100100010111
001001010110
110000001111
111011101001
101011100011
010000011100
011101100110
111011110111
011101110111
010100000101
100110110010
100101000000
010101100000
110110000100
100000001000
100111000111
110011000110
111000010000
000100110100
001001111000
101010100100
010100101011
100111110101
010000111111
011110010001
010110111010
010110100111
110111001001
110011110001
100010010110
100001100101
010001100011
101000000010
100011100110
111000111001
100010110000
010000000010
100000000011
011110001100
001111011011
010111111000
010000101000
011011011000
000100000001
110010001001
011011001101
001100110010
000100111101
111100110110
001111110001
011010111101
110110011101
000111010000
011100011111
011110001011
000001001000
001111101110
111100001110
101010011111
000010100101
111001001011
001110000000
011011110010
110101001010
000110111001
100010100111
011111001111
100101001101
111111011101
101100001001
101100110000
010000010001
001110110111
110100010010
111000000110
000011010011
011011100111
111101111101
000110001101
101101100111
010101001100
111000101111
010000100110
100101101001
011010001010
011000111010
111000001000
001010111011
101011001100
000100100010
001010010100
101101011111
100111101010
110010101010
010111011111
011111011110
111001100110
101001111011
100100111000
011010110001
010101011011
001110011010
001000100100
110010110011
010100001010
001001101011
111111111011
010100110001
110111100110
011011011011
011110010110
111010111000
111100111010
100011110110
010011100110
000010111100
100101110110
110110101100
000001000010
101001000000
011000001111
001100001010
111111101110
101110100110
010010001110
110000011011
010100011001
111010011110
011110101001
001010001100
010101110101
000000101111
110001001110
101010101010
110110011110
100100111011
111000000101
110001010010
010011101000
111100011001
010010000111
110010001111
000000110011
110100100000
001011011001
111111010111
010101101110
111110010100
100001110000
011101110000
111010101011
000110110110
000000011110
000001100100
100000111110
111111111100
100001011111
101110010010
101111101011
000110101000
011110101010
111110110001
001011111101
111110100010
001101110101
100100010001
011101001001
100000100001
100000100010
101101001110
101111001111
111101100010
100010101001
001001000001
100111100000
100011010100
110011011000
000110000100
111101101000
101010001101
111011000001
101110110101
001010010010
010001111100
010010100000
100101001011
001100100001
111101000100
011101010100
111100001011
000101010101
000101101100
010111000011
001100111110
110001110111
011110101111
001111000101
000101100011
111010100101
010011001011
100011001101
001011010111
001100000110
000010010101
011101010010
101101011100
110101000011
101011011101
011001101100
101100100011
010110110011
111100101101
100011011010
010001111010
010100010100
001000011111
001010100001
110000011101
110001111000
000110001110
010111101001
100010001100
011111100001
001111100010
100101011110
101101110001
111010011001
100000010010
111111010000
001011000110
000010001000
100000110101
011100000000
000011000111
101001010011
001110000111
010110001001
101010110010
110011111110
010110100100
011010000011
111011100010
011001101010
011001010011
111111001010
101110101101
100000101011
101000011010
010000101101
100111111000
110011000000
000001101010
011101101011
011000100000
000010001111
011100100100
000111001001
101001000111
101001110100
100110000001
001000010101
100100000110
110111111001
000000111001
101001001110
011111001000
001101100000
110111001100
001001111111
001110111000
010010101011
000001001011
000010110111
110110110101
101111001000
111101101111
000000001011
000001011101
001100111011
010101011000
100110010111
111100110001
000000111010
111011111010
000011110100
001000100011
011010100110
001001001110
010000010111
110011011111
101000100000
110111011011
101011001001
000110010010
101100101010
110000000001
100010101111
111000101100
101100000010
010110111111
001011010000
110111010010
101110000101
010111101101
010001001001
010010010010
011000110111
001001110010
011001110001
100011000010
001111111101
010011010001
110110110110
100100011101
110010111001
011101001101
101011101111
100101010001
011000100101
110100011100
100110011000
110100111111
110001010101
110010101110
101001100001
101110011100
010101000001
001101010100
011001101001
010011101111
001101010011
101100001100
101000101001
001110011110
110101100110
000000000110
101111110100
111001011001
000011101111
011110110100
101000011100
101111110011
101000111111
001011100000
000110100011
001000011011
011100010101
010001010100
110010111100
000011111010
011010010100
010100011110
110011100100
000011001100
001100101100
000001000101
110100101000
100001101111
110010000010
100100100101
011111000110
010111110010
100101101100
110100001111
100101111010
100110011011
101111010001
000101111011
111100000000
011000010110
101100111100
111001010010
110110101011
110001001000
010011011100
000110110000
111110101000
010111000010
111001001101
011010111011
010000000000
110001100011
110011001101
010000001100
011000011101
010110010111
001000111000
000100100111
001111101100
000111111110
000000001101
100011000101
001101000010
010110101110
000101110010
001100000111
001011111110
001011100101
000111010111
001000110001
101010000111
010110000000
010010110001
101100000001
001010101101
101000110110
001110101111
100001100010
000100101000
110111100101
111011010100
111110000011
100110111010
001110001001
110011100111
011111010101
111010001100
011001011100
110101011101
001010100110
100111000011
110000100100
010100110110
100000001010
111010110110
101001101000
101010011000
010000011010
001001011000
001000110100
111001100000
011111110101
001101001100
100011111011
001111111000
011001100101
010100001101
010110011100
111010010011
001000000000
101100111001
110110010000
011100100111
000111010110
000101011001
110101000101
111011110001
000111001110
011111100111
010110010011
101100100101
011101111010
110001111001
100110111100
110100100010
000110010101
000010000011
010011010000
101101011011
010100000011
111111100100
010001110110
110101110101
101000011101
010111101010
100100001011
011100110010
011111110011
101111011110
100010011101
011101000111
100001010100
010001011110
110110100001
100011110011
000100011100
110110001111
000101001000
011110111001
011011101000
000010101110
111100010101
101011101101
101110111010
110101000110
011010111000
101101101110
111101010110
100101110111
000011000000
110101100001
101001001101
011100011010
010101100100
001101111111
101001011110
011011000101
101011010111
001000011100
011101010001
011100101101
110000110010
011011000011
101101010010
101101001010
000011110101
110111110110
010010011101
111010111101
100110100100
111001011100
000010010001
011011111111
111000100011
001001100110
111111000001
000101100111
110001010001
011001011111
010110000110
010101111100
001110100011
110000010111
111110000010
001001001111
011000111011
000101000110
011110000101
000100010011
110000111110
101010110101
010001100000
101000010111
000111100001
101010000010
110000011000
101101000100
001111101001
011101001110
110100001001
010111011010
101011101110
100011011000
110010000101
111000101010
001101011101
101000100101
100111001100
010000100101
100011101001
000100011111
001100100110
101110110111
010110101100
100111011001
111101110100
011010001001
010100111000
101110110011
100001000111
000100100101
011010111110
111001100011
001011100011
011000000010
000101010000
011000010001
111100011111
101010000100
011111011100
111110001111
100011001111
011100100001
110011001010
101101000011
000001101001
010001011011
111000111011
101001111001
000101111101
010011010110
100011101011
101101110110
001001001100
001000101000
100110010000
110010111010
001011011111
010000110000
010011100001
011111111110
011100001000
101001100100
010011000100
010001111001
100110101111
100001010111
100110110001
111111001011
100100000000
101111100000
111011000111
100000101000
111110100011
110100101100
011011001110
110011110010
111001111100
001111010110
010110011011
011010101111
110111100011
100100110011
010101010111
100111010100
000011110000
010101110011
111110100001
010010000100
011001000000
110001111111
101010001110
100101100001
110100111001
110110001000
100110011110
100000101110
010000110101
110010010100
101111101101
111110011001
110100010111
000100010110
101011110111
100110100110
000111001011
100100101101
011011010111
100010100011
101000100111
000001111110
000110110101
010101011101
010000101001
010001101111
100000011001
101111010010
110101011010
101011111100
001100101111
110011011100
001100110101
011010011000
111101111111
001000111101
101010111001
011111000000
111010110000
001010110011
100011000001
000101111000
000001110010
010111000100
101110010111
000000000111
000000101100
100010001000
001101011001
001111101010
101100011110
111110111100
101101010000
011101001011
011011010010
111100001100
000100001110
000111111111
000110011001
110101101011
110001000110
111000010111
111001110010
111001001010
110010111111
100010011011
001100101011
001000000111
000111100111
011110100100
110111000111
100100001111
100100100110
111000011011
000010100110
111010001101
011000000100
110101011110
110100001010