1010101010111
0101011111010
1111110001001
1000000101000
0110011000101
0010110101110
0001000010011
1111010110111
0101101110100
1000111111001
1011001101011
0110100010000
0011001011101
1111101001100
0001111001111
0000100100101
1000010010110
0110000001010
1001011000000
1101100100110
0010010110001
1100011101100
1111111110000
0100100111011
1100101000010
1011111100100
0101110010100
0000001100110
1100110011111
1100000010101
0011110011010
1100010100011
1011000111101
0000101011000
1110011100010
1110011011001
1101101110011
0111000100010
0110111110111
1000000001101
1010000111110
1101100111001
0010110000011
0001010111100
1011100000111
0111101101000
1111001010100
0101001000011
0110101101111
1011000000110
0001110100101
0100010101011