11101001000
10010111011
01000101110
00111010101
00110000011
10011100100
00000010000
11101110011
00011011110
01011100010
11010111000
10000000010
10001111100
01110011010
01000110101
00111001000
11001000111
11110000100
10101010110
11011010010
00100111110
01101010100
10100101001
01110110111
10010100111
11111001011
11100100000
11011001101
00001111001
11010010001
01100001101
01001011011
11111111101
10011000001
00110100100
00101101111
10110110001
10110101010
10000110111
10101111010
00010011111
00010101101
00001000100
01000101000
11010110110
11000001110
01100000011
01101100001
00111110000
01011000001
10000011100
01010000110
10101011011
11100011001
10001001010
11110011111
11000100011
00101000010
11100101101
01011101001
00001110011
10110011000
10111001110
01110111100
11001110000
01001111110
10100000101
00000001011
11101100110
10011110101
00011011001
01110101011
01111101100
11100010010
00000100010
01101011111
10101110000
11001001101
11000010100
00111110011
11011101011
00010000000
01100110001
01111100111
00001010111
00100001000
01011110110
10111100010
10111111111
11110000001
00001100011
10110001101
11011011001
10010101100
01010110000
11010111101
11100101110