00011111101111
00100000010010
11000101111001
11110110000100
10101010111101
01110001011111
11111100100011
00011000001000
10000001000101
01001110010111
01101001100110
10110111111010
00010100110101
01000000111110
11011101010000
10001100001110
01010011000011
01101101001101
01100010101000
10001011110000
11111011001110
01100111010100
10111110011000
01011110100100
00100101100010
10000010001001
01111000110001
00001001111100
10011010111011
00111111000001
10110101101100
00100110101011
11100111010011
00010010110110
11001001011001
11010000101101
11000011100010
00001111011011
10010100011011
11110001100111
00001000100011
10100000010101
11010011011100
11101100111110
11111000001010
10111001010111
00000111001110
11000110100001
10101011100001
11000110111101
01110111101000
00101010001100
10001101110111
11111011010001
00101111101000