01011100111
10100001000
11010111001
11101011111
01110010010
00000101110
10100100101
00000010011
10011010100
01110111100
11010100000
00001011101
10111101011
01001000000
01010001011
10111110110
11000011110
10011000001
01000110101
00011011010
11101110000
10010000111
10001100010
11101101101
11110001101
01111011001
11011111110
00100110011
00101001100
11101010011
00110110111
00110000100
01100101010
10000011001
11100000010
00011101101
00001111000
00101000011
11101000110
10110110010
10011001110
00110111001
01111110000
01100011111
00101110101
10100010010
00000001011