1010000001
1011111110
0110100111
0100001100
1110011011
1101110101
1000000110
0010111000
0001001011
0101010000
0000111101
0111100001
1000101010
1000011000
0011100100
1110001110
0101101111
1110110010
1001010011
1101100010
0010010111
0110010100
0001110010
1011001101
0011011001
0111111110
1101101100
1100101001
0011001010
0100110011
1011100001
0101010110
1101011101
0100000001
1111101000
1010100111
1010110100
0000100101
1111010111
0110111011
1001000100
0100011110
1101001110