10011110001001
10110001111010
01001101000110
01010110111110
00101010010111
00100100100010
01111101010001
01110100001111
01001011111000
11001100011101
10010111100000
01110011100011
10011011010100
00000001101101
00000010001110
11100010010010
10101000110001
00010101110111
11000111000111
11111011001000
01100110101001
11000011110001
11110000100100
11001010100110
10001001011011
10001101110010
00111000101001
01111000011110
10111111111101
10110110011011
11110010011101
11111110000110
00011010100101
00111111101010
00000000110100
00100011111100
00110100011000
11111100110111
11000000000111
11101101111110
10000010101011
11000101101000
00101101100100
01010101001100
10111001000011
01100100010100
01010001010010
00110001010101
10110011000110
01000110110101
11011100101011
00100111111011
01011010111111
00001111000001
01101111110110
01011111011011
01101011001111
11110101100110
00001110011000
11010000000001
00000100010011
11001101100101
01100011000100
11010010101010
10110110110001
10100001011100
00011000100010
01011001111101
11000001111110
10101000101111
01111010110010
10101010100000
01000010011001
00110110000101
10001110100111
01011000101000
10111111010000
00001000001101
10011101001110
01101110000000
10100111010110
10000001000000
11010110000100
10010000011111
10011010111110
01101101100011
10010100111100
01100000110011
01111110101100
00011011001100
11101001110111
01111011110101
10100110111110
01100000001010
11001100100000
11101010111011
00101101011000
00010011001001
00100101001111
11010001001011
11100111100011
10101110001101
11100100111101
11001011000010
11000000111000
00001101111001
11110101001010
11110001101001
01011001000101
00011110110011
01010110000011
00011110100110
11001110010110
10010011100101
10100100001001
11001110011010
10101100001010
01011100110100
10001011101001
11100010101100
11010111101101
01011011101110
11001000010100
00000111101100
00110011110000
00111100010110
01000111011111
00010100101111
10011000001000
11110101110000
10000101010101
10011100000111
00101001100110
01001100111010
11011010010001
11101111010001
00100011010001
00111001011011
00001011010010
10010111011111
01111111011101
10010110110010
01101010100101
10010011011010
01110011111001
01010101100000
01000111001010
10110000110110
01101001101010
10111001100001
00101100111111
11011101011000
10101110110100
11011111111000
00110010001010
11111101000101
00000001100011
10111011101111
11110011111110
00010010010100
00011011110011
00010101010100
11100100010011
01100101011110
00110100000000
10111000011100
01001000101011
00010100110001
11111001001110
00100000100001
01111000000011
01100001011101
11100111011001
10111100100101
11101001101100
00110000101100
11011001110111
00110111000011
10010101101011
10111000111010
00011111010111
00001000010000
10100011100111
00000110101000
10000011110111
01010000011011
01110011010000
00001001011110
01100101100101
00111010011001
01010001100110
10101111001111
01001100001000
11001011001101
01000110110110
11111111100000
11100110001110
11011011000011
10101001000000
10100111101000
10000111011100
11010101010010
11110000001001
10101010000011
01010101111111
01100101110010
01101110110001
01110101110111
11010000110101
01111110011000
01100001111001
01101010001110
10000100100110
00000010111101
11010011011100
00111101101100
10101101111000
00101100000111
01011100001101
10000010010000
11101101001011
00100010011111
01011011110010
01001011010111
00011000000010
01000000110111
11001110101001
10010001101100
00101011110010
10000000001110
00001111110100
10010010000111
11100100000000
00011111011100
10011100010011
00100010100010
10001101111111
01101010000000
11000111101111
10110011011001
01110111010110
01000110000000
11111000111000
11111000100010
10001011100110
00110110111110
10101111011110
00010111000110
00000001001010
00101001001000
01010110011000
00111100011011
01000100101111
00110000101110
10000110000001
10011100001100
11011101100010
10101111101101
01010001001110
11101000010011