00000100
01011110
01111001
01001101
01001000
01100011
00101010
11010011
10001111
01000010
10101100
01010111
10001000
01010000
00100001
01101111
01110101
11001011
00110111
11000110
00011001
01111100
00000111
10110010
00010010
11011001
01111010
00100101
00011011
11111110
11001100
00111110
10010100
11000000
01000001
11111000
00010001
11010100
10001101
10010111
10110101
10111111
00011101
10111001
10000010
00110000
11111101
11101001
00001110
00110110
10101011
11110011
10100110
11100100
01001011
11010010
01000110
11000101
01101000
10001010
11000111
00100000
10010001
10011100
00100010
00010100
01110110
10100111
11111011
11100000
11100111
01110011
00111011
00111100
11110001
01100101
01111111
10111000
11011111
00001001
10011010
10010110
10000001
00011111
10110100
01010101
11011010
11110010
10100011
11101010
00001000
00101101
01101110
01101100
01011010
01100110
00011000
10000100
01100100
00101001
11101111
10010000
11001110
00101110
10100001
01011100
11000011
10011011
11110111
10010101
00110001
10111110
01011011
00001011
10100000
00100011
01110000
00010011
10100101
00000011