00111010101
11101110011
11111001011
00100111110
11100100000
00111110000
00000010000
10111001110
11110000001
11001110000
11011001101
10110011000
00000001011
00110100100
00001100011
01110011010
00101101111
10101010110
11010111000
00101000010
00111001000
10111111111
11100101110
00011011110
11110011111
11011010010
00100001000
00001000100
11011101011
01011100010
11010111101
11110000100
00011011001
11101001000
00010000000
11100101101
01111100111
10110001101
01110110111
11011011001
00110000011
00001110011
00010011111
01111101100
11001000111
00001010111
11000100011
10110101010
11100010010
11010110110
10110110001
00111110011
11010010001
00010101101
00000100010
01110111100
00001111001
11001001101
01110101011
11000010100
11100011001
11111111101
11000001110
