11011101010000
11000110111101
01100111010100
00111111000001
00011111101111
11110001100111
10001101110111
11111011010001
10101011100001
11000110100001
01110111101000
00011000001000
01001110010111
10001100001110
00001111011011
10000001000101
00010010110110
11101100111110
11000101111001
01110001011111
01010011000011
01011110100100
00001000100011
00101010001100
00101111101000
11000011100010
10111001010111
11111100100011
01101001100110
11010011011100
11111011001110
00010100110101
10110111111010
01101101001101
00100000010010
10101010111101
00001001111100
11010000101101
10001011110000
10011010111011
00100101100010
10100000010101
00100110101011
01000000111110
11100111010011
11111000001010
00000111001110
10000010001001
10010100011011
11110110000100
10111110011000
11001001011001
01100010101000
01111000110001
