11000110111101
01100111010100
00111111000001
11110001100111
11111011010001
11000110100001
01110111101000
00011000001000
01001110010111
00001111011011
00010010110110
11101100111110
11000101111001
01110001011111
01010011000011
00001000100011
00101010001100
00101111101000
11000011100010
11111100100011
01101001100110
11111011001110
01101101001101
00100000010010
11010000101101
00100101100010
00100110101011
11100111010011
11111000001010
11110110000100
11001001011001
01100010101000
01111000110001
