011010111
110100001
101011100
101010011
011101000
111111110
100011010
100011011
000100111
011010100
101011111
111100101
100000111
101000101
011101010
111111101
000100110
100011000
011010011
000100001
011011101
111111010
101011001
111100110
111100111
100001110
100001111
101000110
110111001
011101100
011100011
111001001
110101111
010010001
111111011
010010000
110010101
000100000
000101101
011010001
101011010
010010010
110101101
111100000
100000010
100001100
101000000
101000001
011101111
110100010
110101100
010011100
111111000
010101001
000101100
010101000
001011000
001100110
101100011
101100010
110110011
101001101
111110100
111110101
010010101
100101010
001011011
110011100
001100101
111011011
101100001
110111110
100001001
111000000
010010111
010010110
110010010
110011110
110011111
001011101
100101111
110100100
110100101
101101001
101101000
110000100
110000101
110110111
101001000
111110001
101111011
110011000
110011001
001011110
111011111
101101111
101101110
110000111
110000110
110110000
111000100
101001011
000011000
100101000
111110110
000011001
001010110
001010111
111010010
100100001
111011100
110000000
001101000
101111110
000011111
010100100
110011010
001010000
100101101
100100011
111010001
100111010
110000011
110110100
000010011
001101110
000010010
000011100
001101101
111010111
100100101
110001111
100111001
001100010
101110001
101110000
100100110
111010100
101100100
110001000
100111111
101110010
101111101
101111100
011011000
111101101
110001010
100111101
100111100
111100010
100110010
000010100
110101011
000010101
100010000
100010001
010101110
101010101
011011110
011100001
011100000
110101000
101110111
101110110
100010110
010100010
010011011
010011010
101010110
100000100
000101011
101010000
011100101
100110101
100110100
111101011
111101010
001101011
100010011
100011101
010100111
011011010
