011010111
110100001
101011100
101010011
000111110
011101000
111111110
100011010
100011011
011010100
101011111
111100101
000111000
100000111
101000101
001111100
011101010
111111101
100011000
011010011
111111010
101011001
111100110
111100111
000111011
100001110
100001111
001000010
010000110
101000110
001111111
110111001
011101100
111001001
110101111
010010001
111111011
010010000
110010101
000101101
011010001
101011010
010010010
110101101
111100000
100000010
100001100
001111001
101000000
101000001
011101111
110100010
110101100
111111000
010101001
000101100
010101000
101100011
000000011
101100010
001000111
110110011
101001101
111000011
111000010
111110100
111110101
010010101
100101010
110011100
101100001
110111110
001000001
100001001
111000000
010010111
010010110
110010010
110011110
110011111
100101111
110100100
110100101
101101001
101101000
000000110
110000100
110000101
110110111
101001000
111110001
101111011
110011000
110011001
101101111
000000000
101101110
110000111
001000100
110000110
110110000
111000100
101001011
100101000
111110110
001010110
001010111
111010010
100100001
111011100
010111000
110000000
001101000
101111110
110011010
001010000
100101101
100100011
111010001
000000101
100111010
010111010
010111011
110000011
110110100
000010011
001101110
000010010
001101101
111010111
100100101
110001111
100111001
101110001
101110000
100100110
111010100
101100100
110001000
100111111
101110010
101111101
101111100
001111010
111101101
110001010
100111101
100111100
010000011
011000110
100110010
000010100
110101011
000010101
100010000
100010001
010101110
101010101
010000001
011000101
011111001
110101000
101110111
101110110
100010110
101010110
010111101
100000100
011111111
000101011
101010000
010111111
100110101
100110100
111101011
011000000
111101010
011111100
001101011
100010011
100011101
