011010111
110100001
101011100
101010011
000111110
011101000
111111110
100011010
100011011
101011111
111100101
000111000
100000111
101000101
001111100
011101010
111111101
000100110
100011000
011010011
011011101
111111010
101011001
111100110
000001001
111100111
100001110
100001111
101000110
110111001
011101100
111001001
110101111
010010001
111111011
110010101
000100000
011010001
101011010
110101101
111100000
100000010
100001100
001001111
101000000
101000001
110100010
111001111
110101100
111111000
000101100
010101000
001100110
101100011
000000011
101100010
000110100
001000111
110110011
101001101
111000011
111110100
111110101
010010101
111001101
100101010
001011011
110011100
111011011
101100001
110111110
001000001
100001001
111000000
010010111
110010010
110011110
110011111
001011101
100101111
110100100
110100101
101101001
101101000
110000100
110000101
110110111
101001000
001110100
111110001
101111011
110011000
110011001
111011111
101101111
101101110
110000111
000110010
110000110
110110000
111000100
101001011
100101000
111110110
000011001
001010111
111010010
100100001
111011100
010111000
110000000
011001001
011110000
001101000
101111110
000011111
010100100
110011010
100101101
100100011
111010001
000000101
100111010
010111010
110000011
010001011
110110100
011110110
000010011
001101110
111010111
100100101
110001111
100111001
001100010
101110001
101110000
100100110
111010100
101100100
011001011
110001000
100111111
101110010
101111101
101111100
001111010
010001101
110001010
010110110
100111101
100111100
010000011
111100010
100110010
110101011
000010101
100010000
100010001
010101110
101010101
010000001
011000101
011100000
110101000
101110111
101110110
100010110
010100010
010011011
101010110
100000100
101010000
011110010
100110101
100110100
010001111
111101010
011111100
100010011
100011101
