011010111
110100001
101011100
101010011
011101000
001110001
111111110
100011010
100011011
011010100
101011111
111100101
000111000
100000111
101000101
001110011
011101010
111111101
100011000
000100001
011011101
111111010
101011001
111100110
111100111
000111011
100001110
100001111
010000110
001001100
101000110
110111001
011100011
111001001
110101111
111111011
110010101
000100000
101011010
110101101
111100000
100000010
100001100
001001111
001111001
101000000
101000001
111001110
110100010
111001111
110101100
010011100
111111000
010101001
010101000
101100011
101100010
001000111
110110011
101001101
111110100
111110101
111001100
010010101
111001101
100101010
110011100
101100001
110111110
100001001
000001110
111000000
010010111
010010110
110010010
110011110
110011111
001011101
100101111
110100100
110100101
101101001
101101000
000000110
000110001
110000100
110000101
110110111
101001000
111110001
101111011
110011000
110011001
001011110
111011111
101101111
101101110
110000111
001000100
000110010
110000110
110110000
111000100
101001011
100101000
111110110
001010110
001010111
111010010
100100001
111011100
010111000
110000000
011110000
001101000
101111110
000011111
110011010
100101101
100100011
111010001
000000101
100111010
011001110
010111010
010111011
110000011
110110100
000011100
111010111
100100101
110001111
100111001
001100010
101110001
101110000
100100110
111010100
101100100
110001000
100111111
101110010
101111101
101111100
001111010
010001101
110001010
100111101
100111100
010001100
011000110
111100010
100110010
000010100
110101011
000010101
100010000
100010001
101010101
011011110
011100001
010110001
011000101
011111001
011100000
110101000
101110111
101110110
100010110
010100010
101010110
010110011
100000100
000101011
101010000
011110010
100110101
100110100
111101011
010001111
111101010
001101011
100010011
100011101
