011010111
110100001
101011100
101010011
000111110
011101000
001110001
111111110
100011010
100011011
000100111
101011111
111001010
001001010
111100101
000111000
001110011
001111100
011101010
111111101
000100110
100011000
011010011
000100001
111111010
101011001
111100110
000001001
111100111
000111011
001000010
010000110
001001100
001111111
110111001
011101100
011100011
110101111
111111011
110010101
000100000
000101101
101011010
110101101
111100000
000001010
001001111
001111001
011101111
111001110
110100010
111001111
110101100
111111000
010101001
000101100
010101000
001100110
101100011
000000011
101100010
000110101
000110100
001000111
110110011
111000011
111000010
111110100
111110101
111001100
111001101
100101010
110011100
001100101
111011011
101100001
110111110
000110111
001000001
000001110
110010010
110011110
110011111
100101111
110100100
110100101
101101001
101101000
000000110
000110001
110110111
001110100
111110001
101111011
110011000
110011001
111011111
101101111
000000000
101101110
001000100
000110010
110110000
100101000
111110110
111010010
100100001
111011100
010111000
011001001
011110000
001101000
101111110
010100100
110011010
100101101
100100011
111010001
000000101
100111010
011001110
010111010
010111011
010001011
110110100
011110110
011110111
001101110
001101101
111010111
100100101
100111001
011110101
001100010
101110001
101110000
100100110
111010100
101100100
011001011
011001010
100111111
101110010
101111101
101111100
011011000
001111010
111101101
010001101
010110110
100111101
100111100
010001100
010000011
011000110
111100010
100110010
110101011
100010000
100010001
010101110
101010101
011100001
010000001
010110001
011000101
011111001
011100000
110101000
101110111
101110110
100010110
010100010
101010110
010110011
010111101
010001000
011111111
000101011
101010000
011100101
011110010
010111111
100110101
100110100
111101011
010001111
011000000
111101010
011111100
001101011
100010011
100011101
010100111
011011010
