110100001
101011100
101010011
011101000
111111110
100011010
100011011
101011111
001001010
111100101
100000111
101000101
011101010
111111101
100011000
111111010
101011001
111100110
000001001
111100111
100001110
100001111
001000010
001001100
101000110
110111001
011101100
011100011
111001001
110101111
111111011
110010101
101011010
110101101
111100000
100000010
100001100
000001010
001001111
101000000
101000001
011101111
110100010
110101100
111111000
010101001
010101000
001011000
101100011
000000011
101100010
001000111
110110011
101001101
111110100
111110101
100101010
001011011
110011100
101100001
110111110
001000001
100001001
000001110
111000000
110010010
110011110
110011111
001011101
100101111
110100100
110100101
101101001
101101000
000000110
110000100
110000101
110110111
101001000
111110001
101111011
110011000
110011001
001011110
101101111
000000000
101101110
110000111
001000100
110000110
110110000
111000100
101001011
000011000
100101000
111110110
000011001
001010110
001010111
111010010
100100001
111011100
010111000
110000000
011110000
101111110
000011111
010100100
110011010
001010000
100101101
100100011
111010001
000000101
100111010
010111010
010111011
110000011
110110100
011110110
011110111
000010011
000010010
000011100
100100101
110001111
100111001
011110101
101110001
101110000
100100110
111010100
101100100
110001000
100111111
101110010
101111101
101111100
111101101
110001010
010110110
100111101
100111100
111100010
100110010
000010100
110101011
000010101
100010000
100010001
010101110
101010101
011100001
010110001
011111001
011100000
110101000
101110111
101110110
100010110
010100010
101010110
010110011
010111101
100000100
011111111
101010000
011100101
011110010
010111111
100110101
100110100
111101011
111101010
011111100
100010011
100011101
010100111
