110100001
101011100
101010011
001110001
111111110
100011010
100011011
000100111
011010100
101011111
111001010
001001010
111100101
100000111
101000101
001110011
111111101
100011000
000100001
111111010
101011001
111100110
111100111
000111011
100001110
100001111
001000010
010000110
001001100
101000110
001111111
110111001
011100011
111001001
110101111
111111011
010010000
110010101
000101101
101011010
010010010
110101101
111100000
100000010
100001100
000001010
001111001
101000000
101000001
011101111
111001110
110100010
110101100
010011100
111111000
010101001
001011000
101100011
101100010
000110101
110110011
101001101
111000010
111110100
111110101
111001100
100101010
110011100
001100101
101100001
110111110
000110111
100001001
000001110
111000000
010010110
110010010
110011110
110011111
100101111
110100100
110100101
101101001
101101000
000000110
000110001
110000100
110000101
110110111
101001000
111110001
101111011
110011000
110011001
001011110
101101111
000000000
101101110
110000111
001000100
110000110
110110000
111000100
101001011
000011000
100101000
111110110
001010110
111010010
100100001
111011100
110000000
101111110
110011010
001010000
100101101
100100011
111010001
100111010
011001110
010111011
110000011
110110100
011110111
000010010
000011100
001101101
100100101
110001111
100111001
011110101
101110001
101110000
100100110
111010100
101100100
011001010
110001000
100111111
101110010
101111101
101111100
011011000
111101101
110001010
100111101
100111100
010001100
011000110
100110010
000010100
110101011
100010000
100010001
101010101
011011110
011100001
010110001
011111001
110101000
101110111
101110110
100010110
010011010
101010110
010110011
010111101
100000100
010001000
011111111
000101011
101010000
011100101
010111111
100110101
100110100
111101011
011000000
001101011
100010011
100011101
010100111
011011010
