110100001
101011100
101010011
000111110
111111110
100011010
100011011
000100111
101011111
111001010
001001010
111100101
100000111
101000101
001111100
111111101
000100110
100011000
011010011
111111010
101011001
111100110
000001001
111100111
100001110
100001111
001000010
101000110
001111111
110111001
011101100
111001001
110101111
010010001
111111011
010010000
110010101
000101101
011010001
101011010
010010010
110101101
111100000
100000010
100001100
000001010
101000000
101000001
011101111
110100010
110101100
111111000
000101100
001011000
001100110
101100011
000000011
101100010
000110101
000110100
110110011
101001101
111000011
111000010
111110100
111110101
100101010
001011011
110011100
001100101
111011011
101100001
110111110
000110111
001000001
100001001
111000000
110010010
110011110
110011111
100101111
110100100
110100101
101101001
101101000
110000100
110000101
110110111
101001000
001110100
111110001
101111011
110011000
110011001
101101111
000000000
101101110
110000111
110000110
110110000
111000100
101001011
000011000
100101000
111110110
000011001
111010010
100100001
111011100
110000000
011001001
101111110
010100100
110011010
001010000
100101101
100100011
111010001
100111010
110000011
010001011
110110100
011110110
011110111
000010011
001101110
000010010
001101101
100100101
110001111
100111001
011110101
101110001
101110000
100100110
111010100
101100100
011001011
011001010
110001000
100111111
101110010
101111101
101111100
011011000
111101101
110001010
010110110
100111101
100111100
010000011
100110010
110101011
100010000
100010001
010101110
101010101
010000001
110101000
101110111
101110110
100010110
010011011
010011010
101010110
010111101
100000100
010001000
011111111
101010000
011100101
010111111
100110101
100110100
011000000
011111100
100010011
100011101
010100111
011011010
