011010111
110100001
111111110
011010100
111001010
001001010
111100101
111111101
011010011
011011101
111111010
111100110
000001001
111100111
001000010
010000110
001001100
110111001
110101111
010010001
111111011
010010000
011010001
010010010
110101101
111100000
000001010
001001111
111001110
110100010
111001111
110101100
010011100
111111000
001011000
101100011
000000011
101100010
001000111
110110011
111000011
111000010
111110100
111110101
111001100
010010101
111001101
100101010
001011011
111011011
101100001
110111110
001000001
000001110
010010111
010010110
001011101
100101111
110100100
110100101
101101001
101101000
000000110
110110111
111110001
101111011
001011110
111011111
101101111
000000000
101101110
001000100
110110000
000011000
100101000
111110110
000011001
001010110
001010111
100100001
011001001
101111110
000011111
001010000
100101101
100100011
000000101
100111010
011001110
010001011
110110100
000010011
000010010
000011100
111010111
100100101
100111001
101110001
101110000
100100110
101100100
011001011
011001010
100111111
101110010
101111101
101111100
011011000
010001101
100111101
100111100
010001100
010000011
011000110
100110010
000010100
110101011
000010101
011011110
010000001
011000101
110101000
101110111
101110110
010011011
010011010
010001000
100110101
100110100
010001111
011000000
011011010
