110100001
101011100
101010011
111111110
100011010
100011011
101011111
111100101
100000111
101000101
111111101
100011000
111111010
101011001
111100110
111100111
100001110
100001111
101000110
110111001
111001001
110101111
111111011
110010101
101011010
110101101
111100000
100000010
100001100
101000000
101000001
110100010
110101100
111111000
101100011
101100010
110110011
101001101
111110100
111110101
100101010
110011100
101100001
110111110
100001001
111000000
110010010
110011110
110011111
100101111
110100100
110100101
101101001
101101000
110000100
110000101
110110111
101001000
111110001
101111011
110011000
110011001
101101111
101101110
110000111
110000110
110110000
111000100
101001011
100101000
111110110
111010010
100100001
111011100
110000000
101111110
110011010
100101101
100100011
111010001
100111010
110000011
110110100
100100101
110001111
100111001
101110001
101110000
100100110
111010100
101100100
110001000
100111111
101110010
101111101
101111100
110001010
100111101
100111100
100110010
110101011
100010000
100010001
101010101
110101000
101110111
101110110
100010110
101010110
100000100
101010000
100110101
100110100
100010011
100011101
