0011011101110
0101000111001
1011111001011
1000001100000
0110011110001
0100000011101
0100000010011
0100101110011
1101100000000
0011110111000
0111100110100
0101000100100
0001000001110
1101111001011
1110001010100
0010000010001
0010110010000
1101001001010
1010000101111
0011111001010
0000111101101
1100101111111
1111111100001
0011110100100
0010010110110
1111100110111
0101000100110
0010101111101
0101110010100
0110111011000
1100010100110
1101110010100
1011001000110
1011001000111
0100110000001
0111111100011
0101100001110
0111010000011
0111111100010
1010000100011
0011100010010
1101011101100
1100100001010
1011100010010
1101100001111
0101011100010
1111111101101
0100010111001
0100110011100
1100110010011
0000101001001
0101011010001
1110111011011
0100011011000
1101011010000
1000010000010
0000010000011
0101110111011
0101000111010
0101100000011
0001010101000
1110010001010
1111111101111
0101011101110
1100110011111
0100000000001
1100101100001
1111101010101
1110001000110
0110001111011
1110101001101
0101110101010
0011011011110
0101101110101
1000001110001
0010110001101
1110111010101
1101001011011
0000111010001
0101010110000
1111001100000
1010110100010
0011011010010
1010110101101
1100110010001
0011111011001
1010010111000
0100110101101
1100010101000
0001101100010
1110100101110
1101110110110
0110111101001
1101110100101
1000100010100
0000101011000
0011001011011
0001000001101
0000101000110
1111010010000
1101110011001
1111111111111
0101011111101
0100010110101
0111100100101
0001010010100
0010101100001
1101001000100
1110110110101
0110010011001
0001110000000
1011011100010
1000111001100
0110101011100
1110000100101
1100100000101
0011001010101
1100001110111
0111101100110
0101100100000
0011010110011
0100011010100
1001111101000
0010001000000
1100101010011
1100101011101
0110101010001
1101011001111
0111100010100
1100100000110
1110110111010
0110010000100
0100001000001
1001101110000
1101101100111
0101010001010
1110111111001
0011111010111
1101101111001
0000111000000
1011100100001
0011001101010
0110011101101
0000001010010
1001001111000
0011000101001
0111010111110
1000010100001
1110111100111
1101010001011
1110000111010
1011101111001
0001001010111
0110011101100
1110110010100
0010001001111
0110100011111
0000000011000
1111101111011
1010001001100
1001010110111
1010111000010
0001101001101
1100101101100
1110011100000
0111010111101
1000001011111
0101100111110
0111010110010
1001000101100
1100000110001
0000111011110
1011011111101
1110000111001
0011111000100
1001111111011
1100001110101
0000000000111
0001111010101
1011010111110
0111000101011
0001001111010
1100000100010
0011100001111
1001100101110
0110000001100
0111010110001
1101110001010
0000011010111
0011011111111
1100110110000
0111101101001
0110000010100
1000000000101
0110000000010
1101100110011
1110110101011
1100000101101
1101101110100
1100100101000
1011110101001
1111101110100
1010110000001
1111010001111
1000100011001
0110101000000
1100001111011
1001100101101
1001001100101
1010000000000
1101011011110
1110100011101
1111100111000
1100110101111
0011011100000
0101111110000
1100111100100
1001001110110
0011101000011
1010000011101
0001100011000
1100110111111
1010111011101
0011101011110
1011000100110
0010011000101
1001101101101
0011011100011
0111001111110
1011111100110
1011000111011
0001001101011
1010110011110
0011000010110
0001101010001
0010010011010
0001001000000
1110010100100
0101111111111
1010101001110
0000100001010
0101001110000
0001100011101
0011111110001
1011001110100
0001100010011
1001100011111
1010111010111
1010001101100
0110000011110
1011101010000
0010111101000
1000010110110
1100001101110
1010010001001
0010100111110
0001000110001
0100001101111
1000101110110
1010011110101
1100100100001
0001001000011
0001001001100
1100111010110
1011010101011
0000110011100
1000110010010
0001111000011
0001111001100
0101001110011
0101001111100
0000010110000
0110101100100
1100011110100
0100011110110
0100100111010
0000000101000
0010010001111
0011101011100
1010101000001
1010001010101
0011001110001
0110110001101
1110011000011
1100010001110
1100111101110
0000011001100
1110101110001
1101111111010
1111011000101
1111100001010
0001110100011
1100010001101
1000011011011
0110110001110
0101111100001
1001011010000
0100111011101
0100111010010
1111111001110
0000100011011
0111011000000
1001110101111
1000011010111
1110101100010
0001000100000
0110011000110
0101010001100
1100011111001
1111000101000
0101100111101
0011110001110
0100001011110
1010010000110
1000110000000
0100111100000
1101111110101
0011010000111
1001100000000
1100011100111
0011111101101
0111011001100
1000011010100
1100000110100
0111011100110
1110000010111
1010111100000
0001000111111
0111101110010
0000101110000
0000000010001
0011010000100
0010001110111
0001110110001
0111110010111
1011100110010
1011101001100
1101101100000
0010111010010
1010111101101
1011101011111
1110010101011
1101101001001
1000001001101
0000101111100
1011100111110
1111001000011
1101001110110
1111011110011
0110110100001
0010111110110
0011100111000
1001101001111
1100010010010
0001101110111
0111000000110
0110001110000
1110001001000
0010011101101
1011110011000
1010101101001
1111110001100
1001111010110
0111111000101
1010000110000
1101000011111
0101110011010
0001010001011
0100101101001
0011101110110
0110000110011
1001000010101
0000011100001
0100111110001
0000010101101
0000000110101
1111110000001
1100011101001
0110110101100
1000110111111
0111000011010
1101100010101
0110000100000
0011101110101
0000110100101
0000101010111
1111001101001
0010010100010
0000100000100
0110111110000
0111001000100
1000000110011
1110010010001
0000001110100
0101001010100
1001100001110
1011010001100
1011110000110
0100100110100
1011111000100
1111111010010
0010010101110
1110100110000
0111000000101
0100000110000
0110111111100
0001101100101
1011010000010
1111010111101
0000011110011
1010001111101
0101001011001
0001010000110
0100100110111
0110110110011
0001010011001
1101110101011
0110100101010
1100111011000
1000101111001
0011101100110
0100101100110
1111111101010
1101010110000
0000110100110
1011000011010
1100000011011
1000100111010
1010101100100
1100011011101
1010100111011
1110011011100
0111110001001
0011011001001
1000010001011
0010100010110
1101101010110
1001001011001
1101010100001
1111100000111
1110111001000
0101111000111
1011011010001
0000110111001
1101000101011
1100001011010
1000011001010
1001001000110
0101110000110
1110010000000
1011010010001
1101001101010
0000111100111
0110101111001
0000001111001
0101011010111
0011000111101
1111010000110
1010000010111
0000001100110
1010000101000
1100011000010
0100011000011
0100010111100
0101011101001
0100110011001
1101100011010
0111010011000
1000100111101
0011100000110
1110111011110
1011001000001
0000010001000
1101000111111
1010101110100
0000001100101
0010011000010
1000100110001
0111111111010
0101100011000
1010011001111
0100000000100
1001110001001
1110100100100
0011110111101
1001010011100
0100101111000
0101001001101
1100101111000
0001010010010
0011110110010
1100000011000
1000111101011
1101001000011
1001000001011
0100110101010
0011000110000
1100000000111
1010110010101
1100110000110
1100010111110
0001010011111
1101110101100
0101110101101
1111001110101
0101000101101
1000011110000
1011011100101
1101111000010
1001100110100
0011000101100
1001101000100
0101011000110
0000100100000
0101010110111
1010010100001
0110010000010
0111010101000
0010100000011
0111101001111
1101111001101
0011110101111
1000010011000
1110101011011
0010000011010
1001010100010
0001101111011
0010110011011
1011011111001
0000101011111
1010011010000
0110111001111
1101111000001
1001010001101
1101001010010
1101000111100
0001111111100
0001110011010
0101100000100
1111000001101
1101110011110
0000001010100
1001011000011
0100110001000
0101011100100
0011000100001
0010000000100
1011100011011
0110111101110
1000111100110
0100000111010
0101011011010
1001010001110
0111011001011
1000010010101
0101011001000
1010100010011
0011011110100
1010001011010
0011101001000
1111100101101
1011101110011
0010000001001
0110011010111
1011100100111
1111101111110
0001111101110
1110110101100
0000000000010
0110100000101
0010001011001
1010011101110
0110010010011
1100100011110
0011001101101
0001010111100
1011001101100
0010010011101
0100001000111
1000100011111
1110101101000
0110001000001
0011000011111
0110101000111
0111101101100
1110100000100
0011110011100
0011110010011
0100100010011
1110001111111
0101001100011
0110010010000
0100101010101
0001011110110
0010110001000
1000011110010
0111111110100
1000011111100
1001111100001
1000111000101
0111100010001
0001011110101
0111000110110
0110001001101
0111001101000
1010010101100
0111101100001
1110101000101
1101100100110
0111000110111
0101001100001
0011001010011
1110001111100
0011010100101
1100100010000
1110111110010
0110100011000
0100101010111
0111111110111
1000000011110
0100010100011
0110011111010
1010000011001
0101110110010
1000101010010
1011001111111
0100011111111
1000001101011
0101101101100
1010101011001
1010101011000
0010100110101
1010100000010
0010001001011
1011110101110
1001000111001
0110101011010
0011100001001
1000010111011
1010111000110
1100111100011
0001110101001
1001111111110
0011101000101
0010011011100
1011001110011
1110010110101
1011100010101
0011010111010
1101011000100
1010100001111
1011110101111
1110101010110
0010111001011
1010110000111
1110001100011
1001110110000
1001100101010
0111010110100
0001110101011
1001111110010
1100001110010
0111110100110
0000110001111
0001011111000
0111000101100
1011110100011
1000101000000
0111110111001
0001011100100
1001110111101
1011010110101
0111001100111
0101101101111
1110011110110
0100100000010
1000100001100
0101100101001
0110011101011
0010101001110
1001000110000
1011101101010
1101101011100
0110110000111
1011111111100
0010001100010
0010100100101
1100101001011
1110011001001
0000000101110
0001110100101
0000011000110
0011000001010
1101111111100
1011101101001
1010001111010
1111011011100
1000000101001
0100101001110
1011111110000
1110010111111
0010100100110
0110101110011
0010111010100
1111001001001
1101111110011
0011101101111
1010100110001
0111100001000
1111011011111
0001100010111
1101101101011
0101111100110
0100111000100
1000000101010
1010001100110
1100001010001
0000110000101
0100010001110
1000010111101
0010001111110
1010100111100
0100100101111
0110010100010
1001011101111
0101101011011
0000011011011
0001100010100
1101000001000
1111011101010
0101010000101
1110110000011
1011010011011
0100001101000
1101010010011
1000011000001
0011010000001
1010101000101
1010011110011
1000000100100
1110000000011
1100100110110
0000100000001
0001111011000
0111011011011
0101010101111
1111000110001
0000011001001
0100010000000
1101101000010
1000001001000
0100001100100
1111111001000
1011010100000
1111010110110
1010111111010
1001011110001
1010010011111
0001100101100
0000010111010
1111001011000
0100111111011
0001000100111
1111100101011
0110110001011
0011111111011
0110011000001
0000011101010
1111000101110
1010001101011
0001110110110
1111110110011
1000111001001
0010110110001
0100111100101
0101101010110
1011011001000
1111110100000
0110001001010
0101111101000
0101010001001
1111000100010
1001001101001
1010010001100
1000110111000
0000000010110
0110000101001
1110110011100
0000110010111
0111100011011
1001101110101
0011001111000
1001011011010
1110100001001
0000100001101
1110000010010
1011100100100
1000111110101
1000110001010
0111001010001
1111000011001
0111110000010
0010100011100
1101010111001
0100111001011
1100001001100
1011000011100
0010010101000
1101000000101
0000100101011
1111010100111
1101010100100
0100000001011
0000110111100
1101010111010
1111001010111
1111110011011
0100010011111
1100001000000
1110010000101
1110001001111
1000110100100
1111011100100
1010101101111
0010000111100
0000110111111
0010000110011
0001100110010
0101000010000
0010011111001
0011100100010
1001100001001
1001011000100
1101111010111
1011100001010
1111110011001
1101001101101
1001000010011
0111111010000
1001000010010
0010100101010
1110100110111
0100111110110
0010101010011
1011110010011
1010110111001
0010111111111
0111001011101
0111001010010
0110111100100
1100010011010
1110000001110
1111001101110
0111111011101
1000101101100
0111110011110
1001101011010
0010011111010
0110000100111
1101000010110
1010110110100
0011101100000
1101100010001
0010010111011
0000111111111
1101011111011
1011000000000
1111100010010
0010010100111
0110100110010
0110100111101
0101000000011
1001001011101
0001001001010
0111010010110
0111010010101
0000111110010
1110011011010
0101110011101
0110101101111
1011110001101
1111100011110
1100011000101
0010011100100
1100010010100
1000011001110
1111101000000
1111110010110
0011100110011
0000101101010
0110001110101
0110110110110
1100010010110
0010111100011
0101101001001
1001111011101
0001011001111
1001111010011
0000001111110
1111011111000
1010110110111
0110100100011
0110100101100
0101101001010
0111110001111
0011100111111
1111110010101
1101101010000
0111000001111
0111000001110
1100111001101
1001001011110
0101111011110
1011011010110
1001000000001
0111111000011
1010000110110
