0011011101110
1011111001011
1000001100000
0100000011101
0011110111000
0001000001110
1101111001011
0010110010000
1010000101111
0011111001010
0000111101101
1100101111111
1111111100001
0011110100100
0010010110110
0101000100110
0010101111101
0101110010100
0110111011000
1100010100110
1101110010100
1011001000110
0111111100011
0101100001110
0111111100010
0011100010010
1101011101100
1011100010010
1101100001111
0101011100010
1111111101101
0100110011100
1100110010011
0101011010001
1110111011011
1101011010000
0101110111011
0001010101000
1111111101111
0101011101110
1100110011111
1110001000110
1110101001101
0101110101010
0011011011110
1000001110001
0010110001101
1110111010101
0000111010001
0101010110000
1010110100010
0011011010010
1010110101101
1100110010001
0011111011001
0100110101101
0001101100010
1110100101110
1101110110110
0110111101001
1101110100101
1000100010100
0001000001101
0000101000110
1111010010000
1101110011001
1111111111111
0101011111101
0001010010100
1110110110101
1011011100010
0110101011100
0111101100110
0011010110011
1100101011101
1101011001111
1100100000110
1110110111010
1001101110000
1110111111001
0011111010111
0000111000000
0110011101101
0000001010010
1001001111000
0111010111110
1000010100001
1110111100111
0110011101100
1110110010100
0010001001111
0110100011111
1010001001100
1010111000010
0001101001101
1100101101100
0111010111101
0101100111110
0111010110010
0000111011110
1011011111101
0011111000100
0001111010101
1011010111110
1100000100010
0011100001111
0110000001100
0111010110001
0011011111111
1100110110000
1000000000101
0110000000010
1110110101011
1100000101101
1011110101001
1111010001111
1000100011001
1001001100101
1101011011110
1110100011101
1100110101111
0011011100000
0101111110000
1000101000111
1100111100100
1010000011101
1100110111111
1010111011101
0011101011110
1011000100110
0011011100011
0111001111110
1011111100110
1010110011110
0011000010110
0101111111111
1010101001110
0001100011101
0011111110001
1010111010111
1010001101100
0110000011110
0010111101000
1100001101110
0010100111110
0100001101111
0001001001100
1100111010110
1011010101011
0000110011100
0001111000011
0001111001100
0101001111100
0100011110110
0010010001111
0011101011100
0110110001101
1100010001110
1100111101110
0000011001100
1101111111010
1111011000101
0001110100011
1100010001101
1000011011011
0110110001110
0101111100001
0100111011101
0100111010010
1111111001110
0111011000000
1000011010111
1110101100010
0110011000110
0101010001100
0101100111101
0011110001110
0100001011110
1010010000110
1000110000000
0100111100000
1101111110101
1001100000000
0011111101101
0111011001100
1000011010100
0111011100110
1010111100000
0001000111111
0111101110010
0001110110001
0111110010111
1011100110010
1011101001100
0010111010010
1010111101101
1011101011111
1000001000011
0000101111100
1011100111110
1101001110110
1111011110011
0110110100001
0010111110110
1100010010010
0111000000110
0010011101101
1011110011000
1111110001100
0111111000101
1101000011111
0101110011010
0011101110110
1001000010101
0100111110001
0000010101101
0110110101100
0000110100101
0010010100010
0110111110000
1000000110011
1011010001100
1011110000110
1001101000011
1011111000100
1111111010010
0010010101110
0110111111100
1011010000010
1111010111101
1010001111101
0001010000110
0110110110011
0001010011001
1101110101011
1100111011000
1000101111001
0011101100110
0100101100110
1111111101010
1101010110000
0000110100110
1000101100111
1000100111010
1100011011101
1110011011100
1001110000111
0011011001001
1000010001011
0010100010110
1101101010110
1001001011001
1101010100001
1110111001000
0101111000111
1011011010001
0000110111001
1000011001010
0101110000110
1011010010001
0000111100111
0101011010111
0011000111101
1111010000110
0000001100110
1100011000010
0100010111100
0101011101001
0100110011001
0111010011000
0011100000110
1110111011110
1101000111111
0010011000010
1000100110001
0111111111010
1010011001111
1001110001001
0011110111101
0101001001101
0001010010010
0011110110010
1001000001011
0100110101010
1010110010101
1100110000110
1100010111110
0001010011111
1101110101100
0101110101101
0101000101101
1000011110000
1011011100101
1101111000010
1001100110100
0011000101100
1001101000100
0101011000110
0101010110111
0110010000010
0111010101000
0111101001111
1101111001101
0011110101111
1000010011000
0010110011011
1011011111001
0000101011111
0110111001111
1101111000001
1101001010010
1101000111100
0001111111100
0001110011010
1111000001101
1101110011110
0101011100100
0110111101110
0101011011010
0111011001011
1000010010101
0101011001000
0011011110100
1111100101101
1111101111110
0001111101110
1110110101100
0000000000010
1010011101110
1100100011110
0011001101101
0001010111100
1011001101100
0010010011101
0011000011111
0111101101100
0011110011100
0011110010011
1110001111111
0001011110110
0111111110100
0001011110101
0111000110110
1000010100111
0110001001101
1010010101100
1101100100110
1110001111100
0011010100101
1110111110010
0111111110111
0101110110010
1011001111111
0100011111111
1000001101011
0101101101100
1010100000010
1011110101110
1001000111001
1000010111011
1010111000110
1100111100011
0001110101001
0010011011100
1001000100111
0011010111010
1101011000100
1010100001111
1011110101111
1110101010110
0010111001011
1001100101010
0111010110100
0001110101011
1100001110010
0111110100110
0000110001111
0001011111000
0111000101100
1011110100011
1000101000000
0111110111001
0001011100100
1011010110101
0101101101111
1110011110110
0100100000010
0010101001110
1001000110000
1101101011100
1011111111100
0010001100010
0000000101110
0001110100101
0000011000110
1101111111100
1111011011100
1000000101001
0100101001110
1011111110000
1110010111111
0010100100110
0010111010100
1101111110011
0011101101111
1111011011111
0101111100110
0100111000100
1000000101010
1010001100110
0100010001110
0010001111110
1010100111100
0100100101111
0110010100010
1111011101010
1011010011011
1101010010011
1000011000001
1000000100100
1100100110110
0001111011000
0111011011011
0101010101111
1101101000010
1000001001000
1111111001000
1011010100000
1111010110110
1010111111010
1010010011111
0001100101100
0100111111011
0011111111011
1111000101110
0001110110110
1111110110011
0010110110001
0100111100101
0101101010110
1011011001000
1111110100000
0101111101000
1111000100010
1001001101001
1010010001100
0000000010110
1110110011100
0000110010111
1001101110101
0000100001101
1110000010010
1000110001010
0111110000010
0010100011100
1101010111001
0100111001011
1100001001100
1011000011100
1111010100111
1101010100100
0000110111100
1101010111010
1111110011011
0100010011111
1110001001111
1111011100100
1010101101111
0010000111100
0000110111111
0001100110010
0011100100010
1001100001001
1101111010111
1111110011001
1101001101101
1001000010011
0111111010000
0100111110110
1011110010011
1010110111001
0010111111111
0111001011101
0111001010010
0110111100100
1110000001110
1111001101110
0111111011101
0111110011110
1001101011010
1101000010110
1010110110100
0000111111111
1101011111011
1111100010010
0110100110010
0110100111101
0111010010110
0111010010101
0000111110010
0101110011101
0110101101111
1011110001101
1111100011110
1000100100011
1111110010110
0110110110110
1100010010110
0010111100011
0001011001111
0000001111110
1111011111000
1010110110111
0110100101100
0111110001111
0011100111111
1111110010101
0111000001111
0111000001110
1100111001101
0101111011110
1011011010110
1001000000001
0111111000011
1010000110110
