0011011101110
1000001100000
0100000011101
0001000001110
1010000101111
0000111101101
1100101111111
0010010110110
0101000100110
0010101111101
1100010100110
1011001000110
0101100001110
0111111100010
0011100010010
1101011101100
1011100010010
1101100001111
0101011100010
1111111101101
0100110011100
1111111101111
0101011101110
1100110011111
1110001000110
1110101001101
0011011011110
1000001110001
0010110001101
1010110100010
0011011010010
1010110101101
0100110101101
0001101100010
1110100101110
1101110110110
1000100010100
0001000001101
0000101000110
1111111111111
0101011111101
1011011100010
1000111001100
0110101011100
0111101100110
1100101011101
1101011001111
1100100000110
1001101110000
0110011101101
0000001010010
1001001111000
0111010111110
1000010100001
0110011101100
0010001001111
0110100011111
1010001001100
1010111000010
0001101001101
1100101101100
0111010111101
0101100111110
0111010110010
0000111011110
1011011111101
1011010111110
1100000100010
0011100001111
0110000001100
0011011111111
1000000000101
0110000000010
1100000101101
1111010001111
1000100011001
1001001100101
1101011011110
1110100011101
1100110101111
1000101000111
1010000011101
1100110111111
1010111011101
0011101011110
1011000100110
0111001111110
1011111100110
1010110011110
0011000010110
0101111111111
1010101001110
0001100011101
1010001101100
0110000011110
1100001101110
0010100111110
0100001101111
0001001001100
1100111010110
0000110011100
1000110010010
0001111001100
0101001111100
0100011110110
0010010001111
0011101011100
0110110001101
1100010001110
1100111101110
0000011001100
1100010001101
1000011011011
0110110001110
0100111011101
0100111010010
1111111001110
1001110101111
1000011010111
1110101100010
0110011000110
0101010001100
0101100111101
0011110001110
0100001011110
1010010000110
1000110000000
1001100000000
0011111101101
0111011001100
1000011010100
0111011100110
0001000111111
0111101110010
1011100110010
1011101001100
0010111010010
1010111101101
1011101011111
1000001000011
0000101111100
1011100111110
1101001110110
0010111110110
1100010010010
0111000000110
0010011101101
1111110001100
1001111010110
1101000011111
0011101110110
1001000010101
0000010101101
0110110101100
1000110111111
0010010100010
1000000110011
1011010001100
1011110000110
1001101000011
1111111010010
0010010101110
0110111111100
1011010000010
1111010111101
1010001111101
0001010000110
1000101111001
0011101100110
0100101100110
0000110100110
1000101100111
1000100111010
1100011011101
1110011011100
1001110000111
1000010001011
0010100010110
1101101010110
1001001011001
1000011001010
0101110000110
0011000111101
1111010000110
0000001100110
1100011000010
0100010111100
0011100000110
1110111011110
1101000111111
0010011000010
1000100110001
1010011001111
1001110001001
0011110111101
1001010011100
0101001001101
0001010010010
0011110110010
1001000001011
1100110000110
1100010111110
0001010011111
1101110101100
0101110101101
0101000101101
1000011110000
1101111000010
1001100110100
0011000101100
1001101000100
0101011000110
0110010000010
0111101001111
1101111001101
0011110101111
1000010011000
1001010100010
0000101011111
0110111001111
1101001010010
1101000111100
0001111111100
1111000001101
1101110011110
0110111101110
1000111100110
1000010010101
1111100101101
1111101111110
0001111101110
1110110101100
0000000000010
1010011101110
1100100011110
0011001101101
0001010111100
1011001101100
0010010011101
0011000011111
0111101101100
0011110011100
1110001111111
0001011110110
0111000110110
1000010100111
0110001001101
1010010101100
1101100100110
1110001111100
1110111110010
0101110110010
1011001111111
0100011111111
1000001101011
0101101101100
1010100000010
1011110101110
1001000111001
1000010111011
1010111000110
1001111111110
0010011011100
1001000100111
1010100001111
1011110101111
1110101010110
1001100101010
1001111110010
1100001110010
0111110100110
0000110001111
0111000101100
1000101000000
1001110111101
0101101101111
1110011110110
0100100000010
0010101001110
1001000110000
1101101011100
1011111111100
0010001100010
0000000101110
0000011000110
1101111111100
1111011011100
1000000101001
0100101001110
1110010111111
0010100100110
0011101101111
1111011011111
0101111100110
1000000101010
1010001100110
0100010001110
0010001111110
1010100111100
0100100101111
0110010100010
1001011101111
1000011000001
1000000100100
1100100110110
0101010101111
1101101000010
1000001001000
1111010110110
1010010011111
0001100101100
1111000101110
0001110110110
0101101010110
1111000100010
1001001101001
1010010001100
0000000010110
1110110011100
1001101110101
0000100001101
1110000010010
1000110001010
0111110000010
0010100011100
1100001001100
1011000011100
0000110111100
0100010011111
1110001001111
1010101101111
0010000111100
0000110111111
0001100110010
0011100100010
1001100001001
1101001101101
1001000010011
0100111110110
0010111111111
0111001011101
0111001010010
1110000001110
1111001101110
0111111011101
0111110011110
1001101011010
1101000010110
0000111111111
1111100010010
0110100110010
0110100111101
0111010010110
0000111110010
0101110011101
0110101101111
1011110001101
1111100011110
1000100100011
1111110010110
0110110110110
1100010010110
1001111011101
0001011001111
0000001111110
0110100101100
0111110001111
0011100111111
0111000001111
0111000001110
1100111001101
0101111011110
1011011010110
1001000000001
1010000110110
