0110101011
0010001101
0110000111
1111100100
0101110011
0010011110
1000111010
1010110000
1010001001
1111111111
1111110101
1100101111
1101011101
0000111101
0011000011
1101100110
1100001001
0111010110
1011100001
0010001001
0101101001
0101110110
0101111000
1100110110
1100111001
1111100011
0001011010
0101011111
1110101010
0010110011
1110100000
0111101010
1010101111
1110011111
0000001011
1111010010
0101000111
0110111001
1101101100
0001111111
1110111100
1100000011
0111001101
1010110110
1001110110
0100011010
1011111101
1111001111
1001101011
1000010111
0111010011
0001100111
1011011011
