0010001101
0110000111
1111100100
0101110011
0000011100
0010011110
1010110000
0001010100
1111110101
1100101111
0000111101
0011000011
1101100110
0000010001
1100001001
0110010000
1011100001
1100011000
0010001001
0101101001
0110001100
1001001110
0101111000
1100000100
1100110110
1111100011
1000000010
0001011010
1110101010
1110100000
0111101010
0000001011
1101101100
0001111111
1110111100
1100000011
1001001000
1001000101
1001110110
0100011010
1000000000
1000010111
0010000010
0001100111
