011011000
111010011
011100111
110110010
000000011
100000000
010001100
001001000
011101001
111001101
101110100
010011111
010101111
001011011
011010101
100101101
111101111
111100100
010111011
000111001
100110001
101000101
000001110
111000001
011110111
111111101
101110111
001011100
001101101
110100101
011111110
000001001
010110010
010111100
010111101
111000111
111000110
000010000
111110001
010010001
111111011
000101010
110010100
010100000
110011001
100100110
101010000
011001011
010000101
110000111
100111111
001111000
101001011
001101011
110100011
100011101
100010010
