011010110
011011000
111010011
011100111
110110010
000000011
000110100
100000000
010001100
001001000
001000110
011101001
111001101
010011111
010101111
011010101
100101101
111101111
010111011
000111001
110001101
100110001
101000101
000001110
001110010
111000001
011110111
111111101
101110111
001011100
110100101
011111110
000001001
011000010
010110010
010111100
010111101
111000111
000010000
111110001
010010001
111111011
000101010
010100000
110011001
101010000
011100100
011001011
010000101
110000111
100111111
001111000
101001011
110100011
100011101
010100110
100010010
