111010011
011100111
110110010
000000011
100000000
010001100
001001000
001000110
011101001
111001101
101110100
010011111
111111110
010101111
110011010
000100111
011010101
100101101
101011110
111101111
010111011
000111001
100110001
101000101
000001110
111000001
011110111
111111101
101110111
001101101
110100101
000001001
011000010
010110010
010111101
100111000
111000111
000010000
111110001
010010001
111111011
000101010
110010100
010100000
110011001
001100001
101010000
011100100
011001011
010000101
110000111
100111111
100111110
101001011
001101011
110100011
100011101
010100110
100010010
