011010110
011010111
000111111
000111110
100011011
000100111
110100111
100000110
100000111
001001011
011101011
111001011
110100110
000100110
100011000
011010011
000111011
100001110
100001111
001000011
011100011
110101110
110101111
110111011
100000011
001001110
001001111
011101110
011101111
111001110
110100011
111001111
110010111
110010110
000100011
001000111
100001011
001000110
110110011
111000011
100101011
001011011
111011011
110111110
000110110
000110111
100001000
110111111
110010011
110011110
110011111
001010011
100101111
110110110
110110111
111000111
111000110
100101110
001011110
001011111
111011111
111011110
000110011
110000111
110000110
100101000
010100101
001010110
001010111
111010011
000011110
000011111
001101111
010111011
011110110
011110111
001101110
000010011
001100011
111010111
111010110
100010101
100010100
000010111
000010110
011100111
011111011
111100011
010110110
010110111
001111011
011100110
110101011
010101111
100010001
000101111
000101110
010101110
111101111
111101110
101010111
101010110
011111110
010110011
011111111
100011111
010100001
100011110
000101011
010111110
010111111
111101011
011110011
001101011
010100110
010011110
101010011
111111111
010011111
111111110
101011111
101011110
101101011
101000101
001110011
101000100
111110011
111100110
010000111
111100111
010000110
001111111
001111110
010010001
111111011
010101011
101011011
000001011
101000001
001100110
001100111
101100011
000000011
101000010
010010101
000001111
000001110
101001111
101001110
010010110
000000111
000000110
101001000
101111011
000011011
101101111
101101110
001110110
101001011
001110111
111110111
111110110
110011011
100100001
101111110
101111111
011001110
110000011
010001011
011001111
100111011
100100100
100100101
101100111
101100110
110001110
110001111
011001011
100111111
100111110
101110011
110001011
100110011
010000011
011000110
011011111
011011110
011000101
101110111
101110110
010011011
100110111
100110110
011011011
011000001
010001111
010001110
