011010110
011010111
000111111
000111110
001001001
011101001
000100111
110100111
111001010
001001010
000111001
100000110
100000111
001001011
011101010
011101011
111001011
110100110
000100110
100011000
011010011
011011101
011101101
000111011
001001101
100001110
000111010
100001111
001000011
110111001
011100011
110101110
111001001
110101111
000101101
110101101
110111010
110111011
100000011
001001110
100001101
001001111
011101110
011101111
111001110
110100011
111001111
110010111
110010110
000100011
001011001
001000111
001000110
110110011
110111101
111000011
111001101
001011010
001011011
110011101
111011010
111011011
110111110
000110110
000110111
100001000
110111111
110010011
110011110
110011111
001010011
001011101
111011001
100101111
110110110
110110111
111000111
111000110
100101110
110011001
001011110
001011111
111011111
111011110
000111101
000110011
110000111
110000110
100101000
010100101
001010110
001010111
111011101
111010011
001101001
010111001
000011110
000011111
001101111
010111010
010111011
011110110
011110111
000011101
001101110
000010011
001100011
001101101
111010111
111010110
100010101
100010100
000010111
000010110
011100111
011111010
011111011
001111010
111100011
111101101
010110110
010110111
001111011
011100110
110101011
110101010
010101111
100010001
000101111
000101110
010101110
111101111
111101110
011111001
110101001
010101101
000101001
101010111
101010110
011111110
111101001
010110011
010111101
011111111
100011111
000101010
010100001
100011110
000101011
010111110
010111111
111101011
111101010
011110011
011111101
001101011
001101010
100011101
010100110
101011101
010011110
101010011
111111111
010011111
111111110
101011111
101011110
101101011
101000101
001110011
101101010
101000100
001111101
111111101
111110011
111111010
101011001
000001001
111100110
010000111
111100111
010000110
001111111
001111110
010010001
111111011
010101010
101011010
101011011
000001010
000001011
001111001
101000001
010011101
111111001
001100110
001100111
101101101
101100011
000000011
000001101
101001101
101000010
010010101
000001111
000001110
101001111
101001110
010010110
000011010
000000111
101101001
000000110
101001000
101111011
101111010
000011011
101101111
101101110
001110110
001110111
111110111
000011001
111110110
110011011
100100001
101111110
101111111
110011010
100101101
011001110
100111010
110001101
010001010
110000011
010001011
011001111
100111011
101111001
100100100
100100101
101100111
101100110
110001110
110001111
100111001
011001010
110001001
100111111
100111110
101111101
101110011
011011001
010001101
110001011
110001010
100111101
100110011
010000011
011000110
011011111
011011110
011000101
101110111
101110110
010011010
100110111
100110110
010001001
011001101
011011011
011000001
010001111
010001110
011011010
