011010111
000111111
100011011
000100111
110100111
100000111
001001011
011101011
111001011
100011000
011010011
000111011
100001111
001000011
011100011
110101111
110111011
100000011
001001111
011101111
110100011
111001111
110010111
000100011
001000111
100001011
110110011
111000011
100101011
001011011
111011011
000110111
100001000
110111111
110010011
110011111
001010011
100101111
110110111
111000111
001011111
111011111
000110011
110000111
100101000
010100101
001010111
111010011
000011111
001101111
010111011
011110111
000010011
001100011
111010111
100010101
100010100
000010111
011100111
011111011
111100011
010110111
001111011
110101011
010101111
100010001
000101111
111101111
100010111
101010111
010110011
011111111
100011111
010100001
000101011
010111111
111101011
011110011
001101011
010100111
101010011
111111111
010011111
101011111
101101011
101000101
001110011
101000100
111110011
010000111
111100111
001111111
101000111
010010001
111111011
010101011
101011011
000001011
101000001
001100111
101100011
000000011
101000010
010010101
000001111
101001111
010010111
000000111
101001000
101111011
000011011
101101111
101001011
001110111
111110111
110011011
100100001
101111111
110000011
010001011
011001111
100111011
100100100
100100101
101100111
110001111
100100111
011001011
100111111
101110011
110001011
011000111
100110011
010000011
011011111
011000101
101110111
010011011
100110111
011011011
011000001
010001111
