011010110
000100100
000100101
011010111
110100001
000111111
000111110
100000000
001001000
100000001
001001001
011101000
011101001
110100000
000100111
011010101
011010100
001001010
000111001
000111000
100000110
100000111
001001011
011101010
011101011
000100110
100011000
011010011
000100001
011011100
011010010
011011101
011101101
000111011
001001101
000111010
001000010
001000011
001001100
011100010
011100011
011101100
000100000
011010000
000101101
011010001
100000010
010110100
100000011
010110101
001001110
001001111
011101110
011101111
110100010
110100011
000100010
000101100
000100011
001011000
001011001
110110010
000110101
000110100
001000111
001000110
110110011
110010001
110010000
001011010
001011011
000110110
000110111
001000001
100001000
001000000
111000000
110010011
110010010
001010010
001010011
001011100
001011101
000110000
000110001
110000100
110000101
001011110
001011111
000111101
000110011
000111100
110000111
001000100
001000101
000110010
110000110
110110000
110110001
100101000
010100101
001010110
001010111
001101001
010111000
010111001
011110000
011110001
001101000
000011110
000011111
010100100
001010000
001010001
111010000
001101111
000000101
000000100
010111010
010111011
011110110
011110111
000011101
001101110
000010011
000010010
000011100
001100011
001101101
001101100
011110101
011110100
000010000
001100010
100010101
000010001
100010100
001010100
001010101
001100000
001100001
000010111
000010110
011100111
011111010
011111011
001111010
010110110
010110111
001111011
011100110
000010100
000010101
100010000
010101111
100010001
000101111
000101110
010101110
011100001
011111000
010110000
010110001
011111001
011100000
010100010
010101100
010101101
000101001
000101000
010100011
011111110
010110010
010111100
010110011
010111101
100000100
100000101
011111111
000101010
010100001
010100000
000101011
101010000
011100100
011100101
011110010
010111110
010111111
011110011
011111100
011111101
001101011
001101010
100010011
010100111
100010010
010100110
010011110
001110000
001110001
010011111
010011000
101000101
001110011
001111100
101000100
001110010
001111101
010011001
000001001
010000111
010000110
000001000
001111111
001111110
010010001
010010000
010101010
010101011
010010010
111100000
010000101
010000100
000001010
000001011
101000000
001111001
101000001
001111000
010011101
010010011
010011100
010101001
010101000
001100110
001100111
000000011
000001100
000001101
000000010
101000010
010010101
010010100
001100101
001100100
101100000
000001111
000001110
010010111
010010110
000011010
000000111
000000110
101001000
001110101
001110100
000011011
111110000
000000001
000000000
001110110
001110111
000011000
000011001
100100001
100100000
011001000
110000001
110000000
011001001
100100011
011001110
110000010
010001010
110000011
010001011
011001111
100100010
100100100
100100101
101110000
011001011
011001010
011011001
011011000
010001101
010001100
011000111
100110011
010000011
010000010
011000110
100110010
011011111
011011110
010000001
100110001
011000101
100110000
010000000
011000100
010011011
010011010
011000010
010001001
011001101
011001100
010001000
011000011
011011011
011000001
010001111
011000000
010001110
011011010
