011010110
000111111
000111110
001001001
011101000
000100111
011010100
110100111
111001010
001001010
000111001
000111000
100000110
100000111
001001011
011101010
111001011
110100110
000100110
100011000
011011100
011010010
110111000
000111011
001001101
000111010
001000011
001001100
110111001
011100010
011101100
110101110
111001001
110101111
011010000
000101101
110101101
110111010
110111011
010110100
100000011
001001110
001001111
011101110
111001110
110100011
111001111
110101100
110010111
110010110
000101100
000100011
001011000
001011001
110110010
000110101
000110100
001000111
001000110
110110011
110111100
110111101
111000011
111001100
111001101
001011010
001011011
110011100
110011101
111011010
111011011
110111110
000110110
000110111
100001000
110111111
110010011
110011110
001010010
110011111
001010011
001011100
001011101
111011001
111011000
000110000
000110001
110110110
110110111
111000111
111000110
110011001
001011110
001011111
111011111
111011110
000111101
000110011
000111100
110000111
000110010
110000110
110110000
110110001
100101000
010100101
001010110
001010111
111011100
111010010
111011101
111010011
001101001
010111000
011110000
001101000
000011110
000011111
001010000
001010001
111010001
111010000
001101111
010111010
011110110
000011101
001101110
000010011
000011100
001100011
001101101
111010111
111010110
001101100
011110100
001100010
100010101
100010100
111010101
001010100
001010101
001100000
111010100
001100001
000010111
000010110
011111010
001111010
111100011
111101101
111101100
010110110
111100010
001111011
011100110
110101011
110101010
100010001
000101111
000101110
010101110
011111000
111101111
010110000
111101110
011100000
110101001
010101100
000101001
011111110
111101001
010110010
010111100
111101000
000101010
010100001
000101011
101010000
011100100
011110010
010111110
111101011
111101010
011111100
001101011
001101010
010100110
010011110
001110000
001110001
111111111
111111110
111100100
111100101
101000101
001110011
001111100
101000100
001110010
001111101
111111101
111110010
111111100
111110011
111111010
000001001
111100110
010000111
111100111
010000110
001111111
001111110
010010001
111111011
010101010
111100000
111100001
000001010
000001011
001111001
101000001
001111000
111111001
010011100
111111000
001100110
001100111
000000011
000001100
000001101
101000010
111110100
111110101
010010101
001100101
001100100
101100000
000001111
000001110
010010110
000011010
000000111
000000110
101001000
001110101
001110100
111110001
000011011
111110000
001110110
001110111
111110111
000011001
111110110
110011011
100100001
110011010
011001110
110001101
010001010
110001100
110000011
010001011
110110100
110110101
100100100
100100101
110001110
110001111
101110000
011001010
110001001
011011000
010001101
110001011
110001010
010001100
010000011
011000110
100110010
011011110
011000101
100110000
010011010
010001001
011001100
011000001
010001111
010001110
011011010
