011010110
000111111
000111110
001001001
011101000
110100000
000100111
011010100
001001010
000111001
000111000
100000110
100000111
001001011
011101010
000100110
100011000
011011100
011010010
000111011
001001101
000111010
001000011
001001100
011100010
011101100
011010000
000101101
010110100
100000011
001001110
001001111
011101110
110100010
000101100
000100011
001011000
001011001
110110010
000110101
000110100
001000111
001000110
110010000
001011010
001011011
000110110
000110111
100001000
111000000
110010010
001010010
001010011
001011100
001011101
000110000
000110001
110000100
110000101
001011110
001011111
000111101
000110011
000111100
110000111
000110010
110000110
110110000
100101000
010100101
001010110
001010111
001101001
010111000
011110000
001101000
000011110
000011111
001010000
001010001
111010000
001101111
010111010
011110110
000011101
001101110
000010011
000011100
001100011
001101101
001101100
011110100
001100010
100010101
100010100
001010100
001010101
001100000
001100001
000010111
000010110
011111010
001111010
010110110
001111011
011100110
100010001
000101111
000101110
010101110
011111000
010110000
011100000
010101100
000101001
011111110
010110010
010111100
000101010
010100001
000101011
101010000
011100100
011110010
010111110
011111100
001101011
001101010
010100110
010011110
001110000
001110001
101000101
001110011
001111100
101000100
001110010
001111101
000001001
010000111
010000110
001111111
001111110
010010001
010101010
111100000
000001010
000001011
001111001
101000001
001111000
010011100
001100110
001100111
000000011
000001100
000001101
101000010
010010101
001100101
001100100
101100000
000001111
000001110
010010110
000011010
000000111
000000110
101001000
001110101
001110100
000011011
111110000
001110110
001110111
000011001
100100001
110000001
110000000
011001110
110000010
010001010
110000011
010001011
100100100
100100101
101110000
011001010
011011000
010001101
010001100
010000011
011000110
100110010
011011110
011000101
100110000
010011010
010001001
011001100
011000001
010001111
010001110
011011010
