0011011101110
1000001100000
1101100000000
0011110111000
0111100110100
0101000100100
0001000001110
1110001010100
0010110010000
1101001001010
0011111001010
0011110100100
0101110010100
0110111011000
1101110010100
0101100001110
1101011101100
1100100001010
0100110011100
0100011011000
1101011010000
0101000111010
0001010101000
1110010001010
0101011101110
0101110101010
0011011011110
0101010110000
1111001100000
1010010111000
1100010101000
1110100101110
1000100010100
0000101011000
1111010010000
0001010010100
1101001000100
0001110000000
1000111001100
0110101011100
0101100100000
0100011010100
1001111101000
0010001000000
0111100010100
1110110111010
0110010000100
1001101110000
0101010001010
0000111000000
0011001101010
1001001111000
0111010111110
1110000111010
0110011101100
1110110010100
0000000011000
1010001001100
1100101101100
1110011100000
0101100111110
1001000101100
0000111011110
0011111000100
1011010111110
0001001111010
1001100101110
0110000001100
1101110001010
1100110110000
0110000010100
1101101110100
1100100101000
1111101110100
0110101000000
1010000000000
1101011011110
1111100111000
0011011100000
0101111110000
1100111100100
0001100011000
0011101011110
0111001111110
1010110011110
0010010011010
0001001000000
1110010100100
1010101001110
0000100001010
0101001110000
1011001110100
1010001101100
0110000011110
1011101010000
0010111101000
1100001101110
0010100111110
0001001001100
0000110011100
0001111001100
0101001111100
0000010110000
0110101100100
1100011110100
0100100111010
0000000101000
0011101011100
1100010001110
1100111101110
0000011001100
1101111111010
1111100001010
0110110001110
1111111001110
0111011000000
0001000100000
0101010001100
1111000101000
0011110001110
0100001011110
1000110000000
0100111100000
1001100000000
0111011001100
1000011010100
1100000110100
1010111100000
0000101110000
0011010000100
1011101001100
1101101100000
0000101111100
1011100111110
0011100111000
0110001110000
1110001001000
1011110011000
1111110001100
1010000110000
0101110011010
0110110101100
0111000011010
0110000100000
0000100000100
0110111110000
0111001000100
0000001110100
0101001010100
1001100001110
1011010001100
0100100110100
1011111000100
0010010101110
1110100110000
0100000110000
0110111111100
0110100101010
1100111011000
1111111101010
1101010110000
1011000011010
1000100111010
1010101100100
1110011011100
1110111001000
1100001011010
1000011001010
1110010000000
1101001101010
1010000101000
0100010111100
1101100011010
0111010011000
1110111011110
0000010001000
1010101110100
0111111111010
0101100011000
0100000000100
1110100100100
1001010011100
0100101111000
1100101111000
1100000011000
0100110101010
0011000110000
1100010111110
1101110101100
1000011110000
1001100110100
0011000101100
1001101000100
0000100100000
0111010101000
1000010011000
0010000011010
1010011010000
1101000111100
0001111111100
0001110011010
0101100000100
1101110011110
0000001010100
0100110001000
0101011100100
0010000000100
0110111101110
0100000111010
0101011011010
1001010001110
0101011001000
0011011110100
1010001011010
0011101001000
1111101111110
0001111101110
1110110101100
1010011101110
1100100011110
0001010111100
1011001101100
1110101101000
0111101101100
1110100000100
0011110011100
0110010010000
0010110001000
0111111110100
1000011111100
0111001101000
1010010101100
1110001111100
1100100010000
0110100011000
1000000011110
0110011111010
0101101101100
1010101011000
1011110101110
0110101011010
1001111111110
0010011011100
0011010111010
1101011000100
1001110110000
1001100101010
0111010110100
0001011111000
0111000101100
1000101000000
0001011100100
1000100001100
0010101001110
1001000110000
1011101101010
1101101011100
1011111111100
0000000101110
0011000001010
1101111111100
1010001111010
1111011011100
0100101001110
1011111110000
0010111010100
0111100001000
0100111000100
1000000101010
0100010001110
0010001111110
1010100111100
0001100010100
1101000001000
1111011101010
0100001101000
1000000100100
0001111011000
0100010000000
1000001001000
0100001100100
1111111001000
1011010100000
1010111111010
0001100101100
0000010111010
1111001011000
0000011101010
1111000101110
1011011001000
1111110100000
0110001001010
0101111101000
1010010001100
1000110111000
1110110011100
0011001111000
1011100100100
1000110001010
0010100011100
1100001001100
1011000011100
0010010101000
1101010100100
0000110111100
1101010111010
1100001000000
1000110100100
1111011100100
0010000111100
0101000010000
1001011000100
1011100001010
0111111010000
0010100101010
0110111100100
1100010011010
1110000001110
1111001101110
1000101101100
0111110011110
1001101011010
0010011111010
1010110110100
0011101100000
1011000000000
0001001001010
1110011011010
1111100011110
0010011100100
1100010010100
1000011001110
1111101000000
0000101101010
0000001111110
1111011111000
0110100101100
0101101001010
1101101010000
0111000001110
1001001011110
0101111011110
