0011011101110
0101000111001
0110011110001
0100000011101
0100000010011
0100101110011
0011110111000
0111100110100
0101000100100
0001000001110
0010000010001
0010110010000
0011111001010
0000111101101
0011110100100
0010010110110
0101000100110
0010101111101
0101110010100
0110111011000
0100110000001
0111111100011
0101100001110
0111010000011
0111111100010
0011100010010
0101011100010
0100010111001
0100110011100
0000101001001
0101011010001
0100011011000
0000010000011
0101110111011
0101000111010
0101100000011
0101011101110
0100000000001
0110001111011
0101110101010
0011011011110
0101101110101
0010110001101
0000111010001
0101010110000
0011011010010
0011111011001
0100110101101
0001101100010
0110111101001
0000101011000
0011001011011
0001000001101
0000101000110
0101011111101
0100010110101
0111100100101
0010101100001
0110010011001
0001110000000
0110101011100
0011001010101
0111101100110
0101100100000
0011010110011
0100011010100
0010001000000
0110101010001
0111100010100
0110010000100
0100001000001
0101010001010
0011111010111
0000111000000
0011001101010
0110011101101
0000001010010
0011000101001
0111010111110
0001001010111
0110011101100
0010001001111
0110100011111
0000000011000
0001101001101
0111010111101
0101100111110
0111010110010
0000111011110
0011111000100
0000000000111
0001111010101
0111000101011
0001001111010
0011100001111
0110000001100
0111010110001
0000011010111
0011011111111
0111101101001
0110000010100
0110000000010
0110101000000
0011011100000
0101111110000
0011101000011
0001100011000
0011101011110
0010011000101
0011011100011
0111001111110
0001001101011
0011000010110
0001101010001
0010010011010
0001001000000
0101111111111
0000100001010
0101001110000
0001100011101
0011111110001
0001100010011
0110000011110
0010111101000
0010100111110
0001000110001
0100001101111
0001001000011
0001001001100
0000110011100
0001111000011
0001111001100
0101001110011
0101001111100
0000010110000
0110101100100
0100011110110
0100100111010
0000000101000
0010010001111
0011101011100
0011001110001
0110110001101
0000011001100
0001110100011
0110110001110
0101111100001
1001011010000
0100111011101
0100111010010
0000100011011
0111011000000
0001000100000
0110011000110
0101010001100
0101100111101
0011110001110
0100001011110
0100111100000
0011010000111
0011111101101
0111011001100
0111011100110
0001000111111
0111101110010
0000101110000
0000000010001
0011010000100
0010001110111
0001110110001
0111110010111
0010111010010
0000101111100
0110110100001
0010111110110
0011100111000
0001101110111
0111000000110
0110001110000
0010011101101
0111111000101
0101110011010
0001010001011
0100101101001
0011101110110
0110000110011
0000011100001
0100111110001
0000010101101
0000000110101
0110110101100
0111000011010
0110000100000
0011101110101
0000110100101
0000101010111
0010010100010
0000100000100
0110111110000
0111001000100
0000001110100
0101001010100
0100100110100
0010010101110
0111000000101
0100000110000
0110111111100
0001101100101
0000011110011
0101001011001
0001010000110
0100100110111
0110110110011
0001010011001
0110100101010
0011101100110
0100101100110
0000110100110
0111110001001
0011011001001
0010100010110
0101111000111
0000110111001
0101110000110
0000111100111
0110101111001
0000001111001
0101011010111
0011000111101
0000001100110
0100011000011
0100010111100
0101011101001
0100110011001
0111010011000
0011100000110
0000010001000
0000001100101
0010011000010
0111111111010
0101100011000
0100000000100
0011110111101
0100101111000
0101001001101
0001010010010
0011110110010
0100110101010
0011000110000
0001010011111
0101110101101
0101000101101
0011000101100
0101011000110
0000100100000
0101010110111
0110010000010
0111010101000
0010100000011
0111101001111
0011110101111
0010000011010
0001101111011
0010110011011
0000101011111
0110111001111
0001111111100
0001110011010
0101100000100
0000001010100
0100110001000
0101011100100
0011000100001
0010000000100
0110111101110
0100000111010
0101011011010
0111011001011
0101011001000
0011011110100
0011101001000
0010000001001
0110011010111
0001111101110
0000000000010
0110100000101
0010001011001
0110010010011
0011001101101
0001010111100
0010010011101
0100001000111
0110001000001
0011000011111
0110101000111
0111101101100
0011110011100
0011110010011
0100100010011
0101001100011
0110010010000
0100101010101
0001011110110
0010110001000
0111111110100
0111100010001
0001011110101
0111000110110
0110001001101
0111001101000
0111101100001
0111000110111
0101001100001
0011001010011
0011010100101
0110100011000
0100101010111
0111111110111
0100010100011
0110011111010
0101110110010
0100011111111
0101101101100
0010100110101
0010001001011
0110101011010
0011100001001
0001110101001
0011101000101
0010011011100
0011010111010
0010111001011
0111010110100
0001110101011
0111110100110
0000110001111
0111000101100
0111110111001
0111001100111
0101101101111
0100100000010
0101100101001
0110011101011
0010101001110
0110110000111
0010001100010
0010100100101
0000000101110
0001110100101
0000011000110
0011000001010
0100101001110
0010100100110
0110101110011
0010111010100
0011101101111
0111100001000
0001100010111
0101111100110
0100111000100
0000110000101
0100010001110
0010001111110
0100100101111
0110010100010
0101101011011
0000011011011
0001100010100
0101010000101
0100001101000
0011010000001
0000100000001
0001111011000
0111011011011
0101010101111
0000011001001
0100010000000
0100001100100
0001100101100
0000010111010
0100111111011
0001000100111
0110110001011
0011111111011
0110011000001
0000011101010
0001110110110
0010110110001
0100111100101
0101101010110
0110001001010
0101111101000
0101010001001
0000000010110
0110000101001
0000110010111
0111100011011
0011001111000
1001011011010
0000100001101
0111001010001
0111110000010
0010100011100
0100111001011
0010010101000
0000100101011
0100000001011
0000110111100
0100010011111
0010000111100
0000110111111
0010000110011
0001100110010
0101000010000
0010011111001
0011100100010
1001011000100
0111111010000
0010100101010
0100111110110
0010101010011
0010111111111
0111001011101
0111001010010
0110111100100
0111111011101
0111110011110
0010011111010
0110000100111
0011101100000
0010010111011
0000111111111
0010010100111
0110100110010
0110100111101
0101000000011
0001001001010
0111010010110
0111010010101
0000111110010
0101110011101
0110101101111
0010011100100
0011100110011
0000101101010
0110001110101
0110110110110
0010111100011
0101101001001
0001011001111
0000001111110
0110100100011
0110100101100
0101101001010
0111110001111
0011100111111
0111000001111
0111000001110
0101111011110
0111111000011
