1011111001010
1101100000000
1110011110000
0110001101000
1111001111100
0111101000100
1001000001110
0010000101110
0110111101010
1100000010000
0110011111100
1011100011110
1000111101100
1011000100100
1110111000100
0111010011110
0110001010100
0110111011000
1101111001000
1101110010100
0111111101100
1010101111100
1000001101110
1110010001000
1001010000100
0110111011010
1011001000100
0101110111010
0000010001100
0100000011110
0001010101000
1110010001010
0101011010000
1100011011000
1100101100000
0100000101100
1111101010100
0100000000000
0011111011010
1111011110100
0101010110000
0010000000000
0101011100000
0001001100100
0010110000000
0001111100100
1010010111000
1010011011000
1101110100100
0011011010000
0000100111000
0011000111000
0001101101100
1111111111110
0010000011110
0010110011110
1011000010100
0011110111010
1110101001110
0111010101110
1000000001000
1001101010000
0010100001010
1111001111110
0110101011100
0010111001110
1100000111100
1101110011010
1001010001000
0100010101010
0101011001110
0001110011100
1010101010000
0011010110000
1110111111000
0110011010000
0100101011100
1011000101000
1110110100100
0001000011100
1101010001010
1011011110000
0110100001100
0111001101110
0010001001110
0000000011000
1001101111110
0001000101100
0001001010100
1010011010100
1011010111110
0110001011010
1011110101000
1010110001100
0111110111110
0010010011000
1000100011010
1001000100000
1001111111000
1110110101010
0110010010100
0110001011000
1100100101000
0111111110000
0111110111100
1111010001110
0110000000000
0110100001110
0111001101100
0100011111000
0111100101010
0110101000000
1011111111010
0001101011110
1110001111000
0100100001000
1101100110000
1001100101100
1001101100000
0000010010000
0101101111010
0101111110000
1010101001010
0111000111110
0001001101000
1010111011100
1110010111100
1011111111000
0001100000100
1010011101010
0011101000000
1110110101000
1110000101000
0001000110000
1010101001110
0101001110000
1000110010000
0000110101010
0001111001110
0010111101000
0010100111110
0100111010000
1100001101100
0001001001100
0000110011100
0001011100000
0111100001110
0001111001100
0110110000000
0001100010000
0110011001010
0111011101000
0100100111010
0000000101000
1001110100000
0000110011110
0000010111100
1001111001010
0100001010000
1111100001000
0001001001110
0101010011100
1111100001010
1101001111000
1001001001000
1101101011010
1110010111010
1100100101110
1100011100100
1101000001110
1001110010100
0010101011000
0110101110100
1110111110100
0100111100000
1101111110100
1101000001100
0100001111100
1100100110000
1100101001100
0101111101110
1010011100100
0100001100000
0111101111100
0100111001110
1101101100000
0010100100000
0010000110100
0110110101110
0001110110000
0000011101110
0010111010000
1010111101110
1001011100100
1000010110100
1111001001100
1010110111110
1100111001010
0000101101110
0100111111100
1100010011100
1101001010000
1011101001110
0000101010100
0010101101110
1100011101000
0100101101000
1010000111100
0010100000100
0100010011000
0000110100100
1010100101010
0000010100000
1100011101010
1110010010000
0001100111010
0010110111000
1111000011110
1111010111100
0101111010100
1001101001100
0101110001000
1011011000000
0010011100000
1111000101010
0111110000100
1101001111010
0000000100100
1111110011100
1001111000100
1110010001100
1100010000000
1101110101010
1011011011110
0111001011010
0101001011000
0000011110000
0010011111110
0111110001010
1111011101110
0001010011010
0110110110000
1011000011010
1110011000000
0101111011010
0001011001000
1101000101000
1110011011100
0010010111110
0100101100100
0110000110000
0101110000100
1100001001000
0100011001000
0110101111010
1110111001000
1101000101010
1101010111110
0001101110100
1111101011000
0010000101010
1001110011000
0110101111000
0011100100100
1010011000000
0100110011000
1111010011000
1100110011000
1000100111100
0011011101000
1110111011110
1101000111110
1100011001110
0101011101010
0001010010000
0100010110000
0000100110000
0010011001100
0011011101010
1100000000100
1001010101110
0111101010000
1011110111100
1101110101110
1000010011010
1011011101010
0010000010100
1101001001110
1010110010100
1001010011110
1000001101000
0100011000000
0001110001010
1010001001010
0100110101000
0100011011110
0011000101100
0001101111000
0111111101000
1010011011100
0110111001100
0101011011000
0101000101110
0010000011010
0000100101100
0011111000000
0100001001010
1111101101110
1110110110000
1011110010000
0001001111110
1101111000000
0111101001100
0111001010100
0110011110100
1110101001000
1110100111000
0110100010100
0111100110000
0010101111010
0011110100000
1101111011110
0101011100100
0001000011010
1010110101000
1011100011010
1100110010100
0100000111010
0000101000000
0000010010100
0111011001010
1000010010100
1000100010000
0011000010000
1100110111010
1000011100000
0111100101100
1010011101100
1100101101010
1011001101110
0010111001000
0001111101110
1101100111010
0111010111000
0100100011110
0001111010000
1100100011110
1010000001010
1100000100100
1011001101100
1001111101110
1100101010100
1010010011100
0000111011000
1010010101110
1000000000000
0011001010000
0101100100100
0011010100100
1111100101110
0011111011100
0101101111100
0110100011000
1101101111100
0001100001100
1011111100000
0100010101100
1001001111100
0110011111010
1001101111000
1110111101100
1101010001110
0001101011000
1011100101010
0011100001000
1000000011100
1011000101110
1001101111010
0100101000100
1010110011010
0101101100000
0111110100100
1101011000100
1001000111000
0010111001010
0111001111000
1010001000100
0100100000000
0111010110100
1010110011000
0001011111000
0010010001100
1000100001110
0100010101110
1001111110000
1100111111110
1010000000100
1111001001010
0000011011000
0011001110100
0011010011100
0110101111110
0100111101010
0010101001100
1011101101000
1111011011100
1110011001010
0110000011000
1101001111100
0001011111010
0001110111000
1111001001000
0010100111000
0011101101110
0110010100000
1010001111000
0101101011000
0010001010100
0110011001100
1100011111100
1011010011000
1000000101010
1000110000100
0111011000100
1101010010000
0101111111000
1000010111110
0010010001010
1011010011010
0001100010100
0001111001000
1100001011100
0010111000100
0010001111100
0110110001000
0000000000100
1011101011010
0101101010100
1010010011110
0110110001010
1011101100100
0011111100100
1110110011110
1111110100000
0100001111010
0011001111010
1111000101100
1110000010000
1000110111000
0010100111010
1100101011000
0110101010100
1000011010000
1111111011010
0100001111000
0110010111100
1000110001000
0011000001000
1000110001010
1000111110100
0111001010000
1101010111000
0100010011100
0100001110100
0011101110000
1011000011100
0100000001010
0110000100100
0010111110000
0001100111100
0111110000000
1101010111010
0110110111010
1111011100100
1001110011100
1110001001110
0110111111000
1001100001010
0010011111000
1111110011000
0101110001110
0110110111000
0100101101110
0011011000000
1100010011010
0111111011100
1001000010000
1010111100100
1011000000000
0101111001100
1011110001110
1111100011100
1111111010100
1000100100000
1111010101000
0000110100000
1011001011110
0101110010000
0100000110100
1101111101100
1011010010100
0110100111110
0001010001100
1001111000000
0111000001100
0000001101100
0010111101100
1010001110100
0010100010000
1110011000100
1011111001100
0101000000000
1010100101100
1001111011110
1000100111110
0101001011110
1111101000100
0011011101110
1110100100000
1000010001110
0010011011010
1000001100000
0111100110100
1110001010100
0101111001010
0101001001010
0100000010000
1110111101010
0011111001010
1110011111100
1110001101010
0011110100100
1111001110000
0100011011010
1101110111000
0111010001100
1100110000000
0011100011100
1100100001010
1111111101100
0101011101100
0010010110100
0000101001000
0101011011100
1100010100100
0011001000100
0010000100000
1011100010000
1101100001100
1000010001100
1100110011110
0000101001010
1000100110100
1110001011000
1011100001110
1110000110100
0000111011100
0101000010100
1110111010100
1011000110100
0111100111000
1111111110000
1000111111100
0110001111000
1101000110100
1010110101100
0101110101000
1110100111110
1011101110100
0100110001100
0011001001010
1101001011010
0100000001100
1101111011000
0111101011010
1010010100100
0110111001000
1000111100000
0101000101010
0101100011100
0010011101010
0101010111110
0010101100000
1000111001100
1110101011100
1111101111000
0000110001010
1100100000100
0011110011000
0100011010100
0100101010000
1001111101000
1000011111000
1000101010100
0011101001110
1110100001100
0111101100100
0111010100000
0000001000000
0110011101110
1011100100000
0000111000000
0000001011100
1001000101110
1111100101000
1110000111010
1010101011100
0010000001100
1000100000100
0001001111000
0110110010100
0001010110100
1010001001100
1111101111010
1010011111010
1110001100100
0011110101010
0000001011110
1100101101100
1101100111110
1101110001000
0011000101010
1001000101100
1011011111100
1011101111010
0110000001110
0011010111110
0010110001110
1001110110100
0110001000100
0111001100000
0111000101000
0000010011110
1111101110100
1010110000000
1000001010000
0010010000100
1100110101110
1111011001110
1101011001100
1100111100100
1000101011000
0011000010100
0011101001100
0001100011000
0101100101110
1010100001000
1100110101100
0000110001000
0100100011010
1010000011110
0111101101010
0000000001000
1111100100100
1010111010000
1011110111010
0011110010100
1011000111010
1001101101110
0001001000000
0101111111110
0000110010000
1101111100100
0011111111100
0100010001010
0001110111110
0100001101110
0011101101000
1010100111000
0111001001000
1011010101010
0001011010100
0111110101110
1100011110100
0110010111000
1001001011010
0111000100100
1011101011100
1000100001000
1000011000100
1010101000000
0101001111110
1000110011110
1110011001100
1100010001110
0111011011110
1110101110000
0001011101110
1001110101100
1010001111110
0011100110100
0110110001110
1101010010100
0011111100000
0000101111110
1001110101110
0000100011010
0111011000000
1010100110100
1111010110000
1000010100100
1110101101100
1111001000000
0100100101010
0111100011110
0011110001100
0101100110000
0011001111100
1101001100100
0100111101100
1111110111010
1111111000000
0011010000100
1011100111100
0001101001010
1011111010100
0100010000100
0011001100000
1101101001000
1000001001100
0011000001110
0001000111100
0111011111010
0000101111100
1000111001110
1101101001010
1111000111000
0001100101000
1000000101100
1100011111010
0010100101100
0011111111110
0111100000000
1011110000100
0101010111000
1101001101000
0010110100100
0010011101100
1111110001100
1011001010100
0110110100000
0111000011000
1010000110000
0110000111100
1111001101010
0000011100000
0100110111110
0100111110000
1000101101000
0111110011010
0011010001000
0111000011010
1101100010100
0000011111110
1001101000000
1110000001000
0110001111110
0000101100000
0000001101010
1001001010100
0011011011000
1000000110000
1010101101010
1000110110000
1100111011010
0000000111000
0110100101010
1000011001000
0101101001110
1111111101010
1100000011010
1101011100000
1101010101100
1011001011000
0110100101000
1001000000100
1010101100100
0101000011010
1010110110000
1101011111110
0000100010100
0001011011000
1101111101010
0000111111010
0101000011000
1011110001000
0001011011010
0010110101000
1111010101110
0101001000100
0101111000100
0100100100100
0111010010000
0111101011110
1011100000100
1100110000100
1010000101000
0100011001100
1101110100000
0100010111100
1000001111010
0000101001100
0110111011110
0001101101010
1101100011000
1101011010100
0000001100100
1100010110000
0110101001010
1111010000100
1001101010100
0111111111010
1010011001110
0100000101000
1110100100100
1000111101010
0101001001100
1111101010000
0001010101110
1100101111000
1100000011000
0101000100000
0001000001010
1101111001110
0000111101000
1011110110000
0001010011110
0101110101100
0111010011010
1101110111100
1010010100000
1110110111100
0011001011110
1110001011110
0110011100100
1110101011010
0111010101010
0010101100100
1100101110100
1101001000000
0000110110100
0001000000100
1101001011100
0011110101100
0000010001010
0001111111100
0001110011010
1000111011010
1001011001110
1100010101110
0001001110000
1001011001100
1100100001100
1011101110000
1100000010100
0111011111100
1111011001010
0110010011110
1011100111000
0011011110100
0000000001110
1010001011010
0110001001110
1110011101000
1110001110000
1001100100100
1110111111110
1110100011010
1111110110100
1010111001000
0000001011010
0110100000100
1100111110000
0110000001010
1001010111100
0101011110100
1101100100100
0101100111000
0111111110100
0001111100000
1010010010000
1000100011100
0110001001100
1111101100000
0011001011100
1010011100000
1100100010000
0000111000100
1001101100100
1000001000100
0001101000100
1111010001000
1010000011000
0101101101100
0100101011010
1110000101110
0001100000000
1011110101110
1011111101100
0100010100000
1000101011110
1110111100000
1001111111110
0001010101100
0011010111010
1010100001110
0010001001000
1111101111100
1100001100000
1001100101010
1101010000000
0101000111100
1100000111000
1110100010100
1011001100000
1011010110100
1001001110000
0001100011110
1100001111110
1000010101000
0011100011010
0010010000000
0011101011000
1101011011010
1111100111100
0110110011100
0000000010100
0110110011010
1101101011100
0001110100100
1111011010000
0010001101100
1100101001010
1101010011110
1101111111100
0100100100000
1000011011110
1101101011110
0100101001110
1110010111110
1100100111010
1001100011000
0010111010100
1100010001000
1111100001110
0000011000100
1110110001110
1001100011010
0110101110000
1001110111010
1100001010000
0100010001110
0011101010100
1110010100000
0001000110100
0110010101100
1100111011100
0101001111000
1101000001000
0111011011000
1100111101000
1101010101000
1101010011100
1011010101100
0001100101110
1001011111100
1010111111000
1110110010000
0011001100100
1111111001000
0010001110000
1010011111110
1010111111010
0000010111010
1110000000000
1101101101000
1000001001010
0111100011000
1000011011100
1011011001000
0011111111000
1100101000100
0101010001000
1010001101000
1010010001100
0110011011100
0000011001010
1001001101010
1111000100000
1110000011100
0011011001100
0010100011100
1011101001000
0010010101000
1101000000100
0010101101000
1101010100100
1100011101110
1011010001010
0010110111100
1101001101110
1000000110100
1001111010000
0000101111010
0111000011100
0101000010000
1010110111010
0111001011110
1001000011100
0111111010000
0110000111010
1000001110100
0011010001110
0010111111110
0110111100100
0000101010000
1111100010000
1110001000000
0110100110000
0010101011110
1011110011110
1111110000100
0111111001110
1001110001100
0101100001010
0101000001100
1100111000000
0001011011100
1111101001100
1110011011010
0001010000000
1011000001100
0000000111110
1010101111110
0100110110100
1001000011110
0001011011110
1000100101100
0010011100100
0101000001110
1000101110000
1101100011110
0101101001000
0100100111100
0110001110100
0000110101110
1100000001110
0101110011110
0000011110100
1111011111000
1111000010100
0110100101100
0011100111110
1010111110100
1111011111010
