0110111011101
0110111010011
1000101000010
0111101011110
1101000111001
0000010001111
0000111101110
1000001100001
0011011010101
0100010111100
1101001001001
0000100111101
0101000100101
1111001110011
0101100011001
0000001100101
1011111001001
1101110100110
1000111100011
1111111100001
1111101010001
1010110010111
0001010011101
0101100001110
1010101111100
0110010001001
0101011101100
1111111101101
1110111000110
1011011101011
0010101110001
0011001000101
0101110111011
0101001001111
0111010000001
0111111101110
1101100000011
1101000101100
1100110011110
0100000000110
0001110001011
0010000011001
0011110101001
1000111111111
0100000100011
1101110110010
0110111000010
1000111100101
0011000101101
0100011011111
0010110001101
0001110000010
1110001011110
1101110010011
0101011111001
0000101011110
1100101110101
0010101100101
0001111111110
0100110000011
0000110110101
0110100010010
1000001111101
0101011011110
0110001100011
0011110101100
0100000100111
0101011000010
0111100100111
1011100000001
0000111010110
0010011101001
1101100101111
0100000111001
0000101000111
1000010010011
1110100100011
0010000011110
0101011000001
1100100001101
0101010111111
1010110101001
0010000000101
0011110111011
0000010101001
0001000000001
0111101111001
1110101010010
1010100011101
1011010110011
1110011101001
1010001011011
1011101110011
1000010101110
0111010100110
1000000001111
0011111010001
1001001100011
1110111111110
0111110110101
1011001101110
0001111101111
0111100010101
1110110101100
0001001101111
1000101010101
1100000111111
1010011101111
0110011101111
1000111000111
1100000110110
0011000011111
1001101110011
0000111011001
0111101101100
0010000000010
0010001001111
1110100011110
0001101001101
0000001011111
0001101000010
0011110000110
0011101001011
1110000111001
1010010101100
1110100000111
0011111011100
0001010110110
1111110110111
1001111100110
0111111110110
1010111000101
1000000011110
0101110111100
0110000001101
0011101000110
1111011011011
0001010100001
1100110110001
0101101100011
1000000000101
0000110000001
1010100000011
0111001111011
1011111101101
1111010001110
1000100011001
0111000110010
1010110011011
0111001101100
0110000010111
0000110001100
0010111001011
1011001111011
0111001100101
0101000110010
1101010000001
0010011011111
0110101001001
0101110100101
1010111010010
1011000100110
1101011001101
1110111111011
0101111110001
0110110011111
1100001100111
0011100001101
0111000111001
0101000110001
0101001110111
0100100011011
1011000100001
1001100101001
0101100101001
0001011111110
0100110010101
1111100110010
0010101001110
1110010100101
0000000010101
0101101011101
0101101010011
0001111001111
0111011010001
1011010010010
1100101001011
0010001100011
1010001100010
0110101111111
0111100001101
1000011000110
1101111111101
0101111110010
1001000110111
1101101011111
1101010000111
1111110100010
0100011110111
0111110101110
1001011111010
1001001011011
1100010001001
1100001010111
1101001111100
1110101110010
0100100100001
0000110011111
1010001010101
0001100010111
1100011110010
0110110001100
1110011000011
1100011111100
1110011001100
1100010001111
0111100001001
0100001010001
0000011000011
0000011001100
1110101110001
1001110101100
0011111110111
1011100110101
1111110101001
1100010000010
0100001011100
1010010001011
1110010100010
0011101010111
0100001101001
0110000101110
0001100101110
1110101100011
1100100110111
1110101101101
1101101101110
0111110010010
0110110101011
1010010000110
1000001001001
0000000010011
0011010000111
0100111101101
0011001111101
0000010111011
0011001110010
0001000100111
1000110101111
1001100010110
0111011001111
1110101100110
1000011010011
0011111111001
1010111101100
0100001011011
1111001001110
1100101011001
1110110011101
1000111001110
1011010101111
1010011110001
1111011010111
1011100111110
1011101000001
0010001011100
1001100011100
0111011100011
0100111001100
0011010010001
0110010110011
0101010001111
0110011000101
1000010110101
1010010000001
0100110100110
0000110110010
0010100010011
1100001001100
0000100101011
1111110001101
1110010011111
0011010001011
1100011010101
1001110000101
1011101001111
1111000000001
1011001010110
1111011110110
1111101001011
0000101111011
1111000010011
0101111010111
1111000011101
0110111100111
1101111010110
1101001101101
0110001111110
0010011100110
1111001000101
0011100100011
1100011101011
0101000010110
0000100010010
0100101101100
0110100110001
1111000101011
0111110000101
1011110011111
1111010111101
1110010010110
0000001110110
1011111011100
1010001111101
0000010100101
0101001000110
1111111010101
1011111000111
1100111000001
0001011010011
1101011100111
0101000000011
0110111110101
1010100101111
0010000111011
1101000010101
1100111011001
1011000001100
0111001011001
0000000100111
1001001010001
1011010010101
0110100111110
0010110100011
1101010100010
1000100111011
0001100110001
0010010111110
1010001110111
0011100110010
1101101010110
1101111101011
0111000001100
0011101111111
0110001110101
1100111001111
0100101110110
0111010011100
0000011110101
1000101111100
1010110110110
1001001000110
1000100100110
1001110011001
1110001001011
0000000101100
0111001000011
0010010111101
0110100100010
