0111101011110
0000111101110
0100010111100
0101111001010
1110111000100
1101111001000
0101100001110
1010101111100
0101011101100
0000010011010
1001000001010
0001010000100
1101110111010
0100101111010
0111111101110
1011110110000
1000111101000
1101000101100
1100110011110
1100110101010
0010011001010
0011100101000
1010010100000
0111010101000
0101011011000
1110001011110
0110001100000
0000101011110
0001111111110
0100001001010
0101011011110
1001010000000
1100010101000
0011110101100
0110011110100
0100110100000
0010000011110
0011000100000
0100010010000
1010000101010
1110000100100
0111010111010
1000010101110
1101100100000
1011111101010
1110111111110
1011001101110
1110110101100
0101100111010
1010010010100
0101100010100
1100101010100
0001110010000
0111101101100
0111000110100
1011010111000
1110111110000
0100011101010
1110100011110
0001111100000
1100000110000
0110101000100
1010010101100
0001001010100
0011111011100
1001001100000
0000111000100
1011001101000
1000010111000
1000000011110
0101110111100
1001101111000
0111101101000
0010011010000
1010101011000
1000100000000
0110010010100
0011011100100
0110110010000
1111101110100
1111010001110
0100101000100
0111001101100
0100100001000
0101001100100
0000110001100
1111100111000
0011100000000
1110100010100
1010100001000
0000000001000
0011100011010
0001011111110
0010101001110
1000011011000
1110110000000
0010100100100
1001110100100
1010001111010
0111110101110
1101001111100
1110000011000
0010100111000
1101101101010
0110110001100
1100011111100
1110011001100
0000011001100
1100001101010
1001110101100
0100001011100
0001001001000
0110000101110
1101010010100
0001000111010
0001100101110
1000110011010
1101101101110
1110100001010
0110011011010
0001000111000
0001011101010
1001011011110
1011101100100
1101000011010
0101010001000
1110000010000
1010111101100
1111001001110
1100100100100
1000111001110
1011100111110
0010001011100
1001100011100
1111111011010
0100111001100
0111001010000
1100001001100
0111111000100
1010000110000
0010111110000
1101111010000
1100001000000
0000101101000
0000000110100
0110111111000
1111110011000
0110001111110
1011000011000
0000010100000
1000001110100
0010110111000
0100101101100
0000101010000
1011011000000
1111000000100
0011011011000
0010101101010
1001101011010
1011111011100
1000101100100
0000001110000
1011000001100
0010100010100
0111000001010
0110100111110
0001010011010
1101011100000
1000110110100
1111101000000
0010010111110
1110010011010
0111000001100
1101100000100
1011110001010
0111010011100
1111011111000
1000101111100
0001101110100
0000000101100
