100011101001
111011111111
001110100111
101110001100
110000111011
111000101100
001111001111
000101011000
010010101101
011100010000
110010000000
100011010111
001001111010
010100111100
111101001000
010001110100
111000010101
101100010011
000111110010
101011010100
110101010001
010010011110
111110110010
101101100001
110100001111
011000011010
011000100111
000100101011
001010011001
101011100110
100000110011
000001001101
011101011111
100101011110
001000110100
100001101110
011111100000
111010011101
001000001000
110111111010
101001000010
000100000110
010101101110
111100111001
010011000011
100110100101
