0000111111
1100101101
0100000110
0001001111
0100000111
1011110010
1011111100
1011110011
0011010100
0100011000
0011010101
0100011001
0110100111
1100101111
1001010111
1001010110
0000111101
0001001001
0100000101
1011110000
1110110101
0100011110
0001001010
0000111110
1001010001
1001010000
1100100111
0001001011
0100010011
0100010010
1011110100
1011110101
0100011101
1100010101
0000110110
0100010001
1001010101
0001000100
0011000100
0011000101
1100111110
0100010111
1100111101
0001011110
1111101001
0000101101
0011011111
1011100011
1011101100
1011100010
1100010000
1100010001
0010110111
0001000111
0001000110
1001101101
1011111010
1011111011
0110111101
0100010100
0001011000
1111101110
0110111110
0011011100
0011010011
0100010101
1011100001
1001101111
1100010110
0001000001
1011100101
0001000000
0110111111
1011111001
1100000101
1100000100
1100110111
1100110110
0001011011
0000100111
0011010000
1011100110
1100011111
0110101101
0001001101
0001001100
0001000010
0011010111
1111101011
1111101010
0011010110
1011100100
1100011100
1100010011
1111111000
0110000111
1111100101
0110011010
0011110110
0000011101
0000011100
0000010010
0001010101
1111100110
0110011001
0001010100
1110101110
0001101111
0110000001
1001111110
0000010001
0000010000
1001111101
0001010111
1110101000
0110000010
1111110011
1110101001
0001101101
1000101101
0000000110
0111101001
0011111101
1111100001
1110111010
0000011001
0000011010
1010110100
0110011100
0011111110
1111101100
0110010011
1111100010
0001010001
0110011101
1110100001
0111101011
0000000100
1000101111
0000000101
0110000101
1001100111
0010111101
0100001011
1111111011
0110000100
1111111010
1010110101
0000011111
1111100000
0110011111
0001010010
0001011101
0001010011
1110100010
1110100011
0010111110
0111101000
0100001000
0010101111
1000110111
1101101000
0110010110
0110010111
1111110100
0100001010
1110100100
1110100101
0100001111
0010101101
1101101001
0011111111
1110111001
0110010000
1101101011
0110010001
1110100110
0011100111
0100001101
0100000010
1111110010
0100001100
1101100001
1110110000
0000010111
0000010110
1000111111
1000111110
1101100010
1111110001
0100000000
0100000001
1101100011
1110111100
1110110011
0000010100
1110110010
1001110111
1001110110
0100011011
1101101110
0110010101
0011101101
1000011000
1101100101
0001110111
1000000100
0001110110
1101100100
0111110011
0010011110
0111110010
0010010011
0111111100
0010011101
1010111011
1010100000
1010100001
0010000100
1000011110
1101111010
1101100110
0111110001
0111110000
0010011000
0010011111
1000011101
1000010011
1101111001
1010100010
1010101100
1010100011
0010000110
0010000111
1000010010
0010011011
1000010000
1101110000
1000010001
1010101110
0010000000
0010000001
0111110101
1000010110
1101111100
1101110011
1000010111
0010000010
1010101001
0010001100
0101101100
0000000011
0101100011
0111100011
0000001100
0110001001
1010110001
0110001011
1000010100
1000010101
1101110101
0111101110
0000001110
0000000000
0111100000
0000011011
1010110011
0010010100
0010010101
1010110010
0111100010
0101101001
0101101000
0000001001
0111100110
0110000011
0110001101
0111111010
0010010110
0111111001
1110101011
0110001110
0101101010
1010100100
0000001010
0111100100
0000001111
0101101011
0111100101
0110001111
0001111111
0010010010
0010010001
1010111000
0110001000
0000001000
0011001111
1100000000
1001001010
0101110010
1100000010
1001001001
0011001000
1100011010
0101100101
0011000011
0011001101
1100000111
1100000110
0011001110
1011101010
1100011001
0101100110
0011000001
1001001110
0101111000
1100001000
1001000011
1001001101
0011000010
1011101001
1011101000
0100101101
0101100000
0101100001
0011011010
0011000110
0110110110
1100000011
0101111011
1100001101
1001001000
1100001110
1001001111
1000001011
0011011001
1000001010
0100101111
1001011010
0010001101
1001000110
1000001001
1000001000
1010101010
0010001111
1010101011
1001011001
0100110110
0100110111
1000001101
0101110100
1100001001
1001000000
1100001011
1000001111
1000001110
0010001001
1001011011
0100111111
1000000001
1000000010
1000001100
0010001011
1001011100
1001010010
0010001010
1000011011
0011001001
1000000111
0101110001
1001000100
1001000101
0011001010
0011001011
1001011111
