0000111111
1100101101
1111011111
0001001111
0100000111
1011110010
1011111100
1011110011
0110100111
1100101111
1001010111
1001010110
0000111101
1011110000
1110110101
0100011110
0000111110
1100100111
1011110100
1011110101
0100011101
0000110110
1100111110
0100010111
1100111101
0001011110
1111101001
0000101101
0011011111
1011100011
1011101100
1011100010
0010110111
0001000111
1001101101
1011111010
1011111011
0110111101
0111000111
1111101110
0110111110
1011100001
1001101111
1100010110
1011100101
0110111111
1011111001
1100110111
1100110110
1010001101
0000100111
1011100110
1100011111
0110101101
0001001101
0111001101
1010001111
0011010111
1111101011
1111101010
0011010110
1011100100
1111111000
0110000111
1111100101
0011110110
0000011101
1111100110
1110101110
0001101111
1001111110
1001111101
0001010111
0111010111
1110101000
1111110011
1110101001
0001101101
1000101101
0111101001
0011111101
1111100001
1110111010
0101001111
1010110100
0011111110
1111101100
1111100010
0110011101
0111011111
1110100001
0111011110
0111101011
1000101111
1001100111
0010111101
1111111011
1111111010
1010110101
0000011111
1111100000
0110011111
0001011101
1110100010
0111011101
1110100011
0010111110
0111101000
0010101111
1000110111
1101101000
0110010110
0110010111
1111110100
1110100100
1110100101
0100001111
0010101101
1101101001
0011111111
1110111001
0101001101
1101101011
1110100110
0011100111
0100001101
1111110010
1101100001
1110110000
0000010111
0000010110
1000111111
1000111110
1101100010
1111110001
0101011111
0101000111
1101100011
1110111100
1110110011
1110110010
1001110111
1001110110
1101101110
0011101101
1101100101
0001110111
0001110110
1101100100
0111110011
0010011110
0111110010
0111111100
0010011101
1010111011
1010100000
1010100001
1000011110
1101111010
1101100110
0111110001
0111110000
1110001111
0010011111
1000011101
1101111001
1010100010
1010101100
1010100011
0010000111
1101110000
1010101110
0111110101
1000010110
1101111100
1101110011
1000010111
0101010110
1010101001
0101101100
0101100011
0111100011
1011000111
1010110001
1101110101
0111101110
0111100000
1010110011
1010110010
0111100010
0101101001
1011011111
0101101000
0111100110
0110001101
1011001111
0111111010
0010010110
0111111001
1011001101
1110101011
0101101010
1010100100
0111100100
1101010111
0000001111
0101101011
0111100101
0110001111
0001111111
1010111000
1101011110
0011001111
0101110010
1101011101
1011011101
0101100101
0011001101
1100000111
1011101010
1011011110
0101100110
0101111000
1001001101
1101000111
1011101001
1011101000
0100101101
1011010110
0101100000
0101100001
1010011111
0110110110
0101111011
1100001101
1001001111
1111001111
1010011101
0100101111
1110010110
1110010111
0010001101
1010010110
1111001101
1101001101
1010101010
0010001111
1010101011
1110011110
1111010110
1111010111
0100110110
0100110111
1000001101
0101110100
1101001111
1000001111
1010010111
1110011101
0100111111
1110011111
1000000111
0101110001
1110000111
1001011111
