0011101001
0011101000
0100000110
0000111111
1011110010
1011111100
1011110011
0011010100
0100011000
0100011001
1100101110
0000111000
0110100111
1001010110
1100100001
0110100110
0000110011
0000111101
0001001001
0001001000
0000100110
0111001001
1110110110
1110110100
0100011110
1100101100
1111011010
0110100100
0000111110
1100100010
1001010000
1100100111
0001001011
1011110110
1100111010
0100010011
1100111001
1011110100
1011110101
0100011101
0000110010
1100111111
1001010101
0110101010
0010110100
0100101011
1001100001
0001000100
0110110000
0011000101
0111000000
1100110011
1010001001
1100111101
0001011110
1111101001
1011101101
1001100011
0111011011
1011100010
1100010001
0110101001
0010110111
0001000111
1001101101
0001000110
0000101001
0110110011
0110111101
0111000111
0100010100
1100110000
0011011101
0110111110
0011010010
0001011001
0100010101
1001101110
1011100001
0111011000
1100010110
1100010111
0001000000
1011111000
0111001110
1100000101
0011010001
0000100111
0001011010
1010000010
1001101000
1011100111
1100011110
0110101100
0000111001
0110100010
0001001101
0001001100
0000101100
1011111111
0110111001
0111000010
0111001100
1100110100
1010001110
1010001111
1100110101
0011010111
0110111011
0000100001
1111101010
1011100100
0000111011
1001101010
1100011100
1100010010
0011110111
0101001010
1001110010
0000011100
1000111010
1001110000
1111100110
0110011001
0110011000
0111010001
1110101111
0010111000
0001101111
1000100101
1111111110
0110000000
0011110101
1001111110
0000010000
0110011011
1001111101
0001010110
1111111101
1110101000
0111010110
0001101100
0001100011
1000100010
0010110001
0010100000
0000101010
0011111100
0011110011
1110111011
0101001111
0000011010
1111101100
0011111110
0110010010
0110011100
1111100011
0001010001
0111011111
1001100110
0111011110
0010110010
0111101011
1000101111
0001101010
0000000101
0001101011
0110000101
0100001011
1111111011
0110000100
0010100110
1111100111
1001111011
0011110000
0101001000
1010110101
0101001001
1010110111
1111100000
1001111001
0001010010
0001011101
0010100101
0001010011
0001011100
1110100010
1111111001
0010111111
1110101101
0010111110
0111101000
0011100110
0100001000
0100001001
0010101111
0010101110
1101101111
0011111001
1110111110
1000110000
0011111010
0110010111
0101011011
1110100100
0101011010
1111110101
0011100100
0100001111
0010100011
0010101100
0101000011
1000110101
1110111000
0101001101
1000110110
1101101010
0110010001
1110100110
0011100111
0011100010
0100000010
1111110010
0100001100
0101000100
0010101011
1101100000
1000111101
0000010111
0000010110
0101000101
1001110100
1000111110
1110110111
1111110000
0101011111
1100101011
0111010101
1000100100
0011101111
0100000001
0010101001
0000010101
1110111100
1000110001
1110110010
1001110111
1000110011
1000111100
0110010100
1111110111
0101011001
1100101000
0011101101
1000011000
0001110111
1000000100
1101100100
0001110110
0111110011
1110000011
1110001100
1011001010
0010011110
0010010011
1110000001
0010011101
0111111100
1010111011
0111111101
1010111010
1101111111
1000011111
0101010000
1010100000
0010000100
1101111010
0001110001
1101100110
0001110000
1011001000
0111110001
1110001110
0111110000
0010011111
1110001101
1101111000
1000011101
0101011100
0101010011
1010101100
1010100011
0010000110
1010101101
0010000111
1000010010
1110001000
0111110110
0010011010
0010011001
1000010000
1000010001
0101010101
1010101110
0010000001
0001110100
1110001011
1000010110
1101111100
0101010110
1010101001
0101010111
1101010100
0101100010
0111100011
1000101001
0000000011
1000101000
0111101101
0101101101
0001111000
0001111001
1011000000
1010110000
1011000111
1000010100
0110001010
0111101110
0001100101
0000001110
0111100001
0101101110
0000000000
1000101011
1011000110
0000011011
1011000101
1010111101
1010111100
1101110110
0000000010
0101101000
0000001001
0110000011
0110001101
0001110011
0111111010
0010010110
1011001101
0110001110
0001100000
0111100100
1011011001
1101010111
0000001111
0111100101
0110001111
0001111111
1011001100
1011000011
0010010000
0111111111
1010111001
1010100110
1010100111
1011011011
1011010000
1011010001
1101011111
1010011000
0011001111
0101111100
1100000000
0101110010
1001001010
1001001001
1100011011
1011010010
1101011101
1011011101
1101010010
1010011011
1010011010
0011001100
0011000011
1100000111
0101111110
1100000110
1010000001
0100111010
0011001110
0100100000
1011101011
1011011110
0101100110
0101100111
0100101110
1010011100
1010010011
0011000001
1111001011
0110110101
0101111001
0101111000
1001000011
0011011011
0011000010
1101000111
0100100011
0100101101
1110010101
1101011001
1011010111
0101100001
1101011000
1010011110
0100101000
0011000110
1111001000
0101111011
1100001101
1100000011
1001001111
1010000100
1000001011
1111001111
0011011000
1101000001
1011101110
0100101111
1110010110
1001011010
0010001101
0000110100
1010010110
1111010100
0100110001
1001000111
1101001100
1101000011
1000001000
1101000010
1101001101
1010010101
1010101010
1110010000
1111010110
0100110110
1111000010
0101110101
0100110111
1000001101
0101110100
1001000010
1100001001
1001000000
1100001010
1001000001
1101001111
1000001110
1101001110
1111000001
0010001000
1111010000
1111010001
0100111111
1000000001
1110000110
1110000100
1000001100
1111000110
0010001011
1110011111
1001011100
0010001010
1001010011
1110011010
1111011100
1111010011
1111011101
0100110010
0100111100
1000000111
1110000111
1001000100
1111000101
1101001011
0011001010
1111000100
0011001011
0100100101
1000011001
0100100100
1001011111
1110011001
