0011101001
0011101000
0000111111
0011010100
1100101110
0000111000
1100100001
0000110011
0000111101
0001001001
0001001000
0000100110
1110110110
1100101100
1111011010
0000111110
1100100010
1100100111
0001001011
1100111010
1100111001
0000110010
1100111111
0010110100
0001000100
0011000101
1100110011
1100111101
0001011110
1111101001
1100010001
0010110111
0001000111
0001000110
0000101001
1100110000
0011011101
0011010010
0001011001
1100010110
1100010111
0001000000
1100000101
0011010001
0000100111
0001011010
1100011110
0000111001
0001001101
0001001100
0000101100
1100110100
1100110101
0011010111
0000100001
1111101010
0000111011
1100011100
1100010010
0011110111
0000011100
1111100110
1110101111
0010111000
0001101111
1111111110
0011110101
0000010000
0001010110
1111111101
0001101100
0001100011
0010110001
0010100000
0000101010
0011111100
0011110011
1110111011
0000011010
1111101100
0011111110
1111100011
0001010001
0010110010
0001101010
0000000101
0001101011
1111111011
0010100110
1111100111
0011110000
1010110101
1111100000
0001010010
0001011101
0010100101
0001010011
0001011100
1111111001
0010111111
1110101101
0010111110
0011100110
0010101111
0010101110
1101101111
0011111001
1110111110
0011111010
1111110101
0011100100
0010100011
0010101100
1110111000
1110100110
0011100111
0011100010
1111110010
0010101011
0000010111
0000010110
1110110111
1111110000
1100101011
0011101111
0010101001
0000010101
1110111100
1111110111
1100101000
0011101101
0001110111
0001110110
1110000011
1110001100
0010011110
0010010011
1110000001
0010011101
1101111111
1010100000
0010000100
1101111010
0001110001
1101100110
0001110000
1110001110
0010011111
1110001101
1101111000
1010101100
1010100011
0010000110
0010000111
1110001000
0010011010
0010011001
0010000001
0001110100
1110001011
1101111100
1010101001
1101010100
0101100010
0000000011
0001111000
0001111001
1010110000
0001100101
0000001110
0000000000
0000011011
1101110110
0000000010
0101101000
0000001001
0001110011
0010010110
0001100000
1101010111
0000001111
0001111111
0010010000
1101011111
0011001111
1100000000
0101110010
1100011011
1101011101
1101010010
0011001100
0011000011
1100000111
1100000110
0011001110
0011000001
1111001011
0011011011
0011000010
1101000111
1110010101
1101011001
0101100001
1101011000
0011000110
1111001000
1100001101
1100000011
1111001111
0011011000
1101000001
1110010110
0010001101
0000110100
1111010100
1101001100
1101000011
1101000010
1101001101
1010101010
1110010000
1111010110
1111000010
0101110101
0101110100
1100001001
1100001010
1101001111
1101001110
1111000001
0010001000
1111010000
1111010001
1110000110
1110000100
1111000110
0010001011
1110011111
0010001010
1110011010
1111011100
1111010011
1111011101
1110000111
1111000101
1101001011
0011001010
1111000100
0011001011
1110011001
