110100001
100000000
001001000
100000001
001001001
011101000
011101001
110100000
100011010
100011011
110100111
001001010
100000110
100000111
001001011
011101010
011101011
110100110
100011001
100011000
011101101
110111000
001001101
100001110
100001111
001000010
001000011
001001100
110111001
011100010
011100011
011101100
110101110
111001000
111001001
110101111
110010101
110010100
110101101
110111010
110111011
100000010
010110100
100001100
100000011
010110101
001001110
100001101
001001111
011101110
011101111
110100010
110100011
110101100
110010111
110010110
001011000
001011001
110110010
100001010
001000111
100001011
001000110
110110011
110111100
110111101
100101011
100101010
110010001
110010000
001011010
001011011
110011100
110011101
110111110
001000001
100001000
100001001
001000000
110111111
111000001
111000000
110010011
110010010
110011110
001010010
110011111
001010011
001011100
001011101
100101111
110100100
110100101
110000100
110000101
110110110
110110111
111000111
111000110
100101110
110011000
110011001
001011110
001011111
100101001
111011110
110000111
001000100
001000101
110000110
111000101
110110000
111000100
110110001
100101000
010100101
001010110
001010111
111011100
111010010
111011101
010111000
010111001
011110000
011110001
000011110
000011111
010100100
001010000
001010001
111010001
111010000
000000101
000000100
010111010
010111011
011110110
011110111
000011101
000010011
000010010
000011100
111010110
011110101
011110100
000010000
100010101
000010001
100010100
111010101
001010100
001010101
111010100
000010111
000010110
011100111
011111010
011111011
111100011
111101101
111101100
010110110
010110111
111100010
011100110
000010100
110101011
000010101
110101010
100010000
010101111
100010001
010101110
101010100
101010101
011100001
011111000
111101111
010110000
010110001
111101110
011111001
011100000
110101000
110101001
010100010
100010110
010101100
100010111
010101101
010100011
101010111
101010110
011111110
111101001
010110010
010111100
010110011
010111101
111101000
100000100
100000101
011111111
100011111
010100001
100011110
010100000
101010001
101010000
011100100
011100101
011110010
010111110
010111111
111101011
111101010
011110011
011111100
011111101
100010011
100011100
100011101
010100111
100010010
010100110
101011101
101011100
101010010
101010011
111111111
111111110
101011111
101011110
101101011
111100100
111100101
101000101
101101010
101000100
111111101
111110010
111111100
111110011
111111010
101011001
101011000
000001001
111100110
111100111
000001000
101000110
101000111
111111011
010101010
010101011
101011010
101011011
111100000
111100001
000001010
000001011
101000000
101000001
111111001
111111000
010101001
010101000
101101101
101101100
101100011
000000011
101100010
000001100
000001101
101000011
000000010
101001101
101001100
101000010
111110100
111110101
101100001
101100000
000001111
000001110
101001111
101001110
000011010
000000111
101101001
101101000
000000110
101001001
101001000
101111011
111110001
101111010
000011011
111110000
000000001
101101111
000000000
101101110
101001011
101001010
111110111
000011000
000011001
111110110
110011011
100100001
100100000
110000001
110000000
101111110
101111111
110011010
100101101
100100011
100101100
100111010
110000010
110001101
110001100
110000011
100111011
110110100
110110101
101111000
100100010
101111001
100100100
100100101
101100111
101100110
110001110
110001111
100111001
100111000
101110001
101110000
100100111
100100110
101100101
101100100
110001000
110001001
100111111
100111110
101110010
101111101
101110011
101111100
110001011
110001010
100111101
100110011
100111100
100110010
101110100
101110101
100110001
100110000
101110111
101110110
100110111
100110110
100110101
100110100
