011010110
000100100
000100101
011010111
110100001
000111111
000111110
011101000
011101001
110100000
100011010
100011011
000100111
011010101
011010100
110100111
111001010
000111001
000111000
011101010
011101011
111001011
110100110
100011001
000100110
100011000
011010011
000100001
011010010
011101101
110111000
000111011
100001110
000111010
100001111
001000010
001000011
110111001
011100010
011100011
011101100
110101110
111001000
111001001
110101111
000100000
011010000
000101101
011010001
110101101
110111010
110111011
010110100
100001100
010110101
100001101
011101110
011101111
111001110
110100010
110100011
111001111
110101100
000100010
000101100
000100011
110110010
000110101
100001010
000110100
001000111
100001011
001000110
110110011
110111100
110111101
111000011
111000010
111001100
100101011
111001101
100101010
110011100
110011101
111011010
111011011
110111110
000110110
000110111
001000001
100001000
100001001
001000000
110111111
110011110
001010010
110011111
001010011
111011001
100101111
110100100
111011000
110100101
000110000
000110001
110110110
110110111
100101110
110011000
110011001
111011111
100101001
111011110
000111101
000110011
000111100
001000100
001000101
000110010
110110000
110110001
100101000
010100101
001010110
001010111
111011100
111011101
111010011
001101001
010111000
010111001
011110000
011110001
001101000
010100100
001010000
001010001
001101111
000000101
000000100
010111010
010111011
011110110
011110111
001101110
000010011
000010010
001100011
001101101
111010111
001101100
011110101
011110100
000010000
001100010
000010001
001010100
001010101
001100000
001100001
000010111
000010110
011100111
011111010
011111011
001111010
111100011
111101101
111101100
010110110
010110111
111100010
001111011
011100110
000010100
110101011
000010101
110101010
010101111
000101111
000101110
010101110
011100001
011111000
111101111
010110000
010110001
111101110
011111001
011100000
110101000
110101001
010100010
010101100
010101101
000101001
000101000
010100011
011111110
111101001
010110010
010111100
010110011
010111101
111101000
011111111
100011111
000101010
010100001
100011110
010100000
000101011
011100100
011100101
011110010
010111110
010111111
111101011
111101010
011110011
011111100
011111101
001101011
001101010
100011100
100011101
010100111
010100110
101011101
101011100
001110000
001110001
111111111
111111110
101011111
101011110
101101011
111100100
111100101
001110011
101101010
001111100
001110010
001111101
111111101
111110010
111111100
111110011
111111010
101011001
101011000
111100110
010000111
111100111
010000110
001111111
001111110
010010001
010010000
111111011
010101010
010101011
010010010
101011010
101011011
111100000
010000101
111100001
010000100
001111001
001111000
111111001
010010011
111111000
010101001
010101000
001100110
001100111
101101101
101101100
101100011
000000011
101100010
000000010
101001101
101001100
111110100
111110101
010010101
010010100
001100101
001100100
101100001
101100000
101001111
101001110
010010111
010010110
000000111
101101001
101101000
000000110
101001001
101001000
001110101
001110100
101111011
111110001
101111010
111110000
000000001
101101111
000000000
101101110
001110110
101001011
001110111
101001010
111110111
111110110
110011011
100100001
100100000
101111110
101111111
110011010
100101101
100100011
100101100
011001110
100111010
110001101
110001100
011001111
100111011
110110100
110110101
101111000
100100010
101111001
100100100
100100101
101100111
101100110
110001110
110001111
100111001
100111000
101110001
101110000
100100111
100100110
101100101
101100100
011001011
011001010
110001000
110001001
100111111
100111110
101110010
101111101
101110011
101111100
011011001
011011000
110001011
110001010
100111101
011000111
100110011
100111100
010000011
010000010
011000110
100110010
101110100
101110101
011011111
010000001
100110001
011000101
100110000
010000000
011000100
101110111
101110110
011000010
100110111
100110110
011001101
011001100
011000011
011011011
100110101
100110100
011000001
011000000
011011010
