011010110
000100100
000100101
011010111
110100001
000111111
000111110
100000000
100000001
011101000
011101001
110100000
000100111
110100111
111001010
001001010
000111001
000111000
001001011
011101010
011101011
111001011
110100110
100011001
000100110
100011000
011010011
000100001
011010010
011101101
110111000
000111011
000111010
001000010
001000011
110111001
011100010
011100011
011101100
110101110
111001000
111001001
110101111
110010101
110010100
000100000
000101101
110101101
110111010
110111011
010110100
100001100
010110101
001001110
100001101
001001111
011101110
011101111
111001110
110100010
110100011
111001111
110101100
000100010
000101100
000100011
110110010
000110101
000110100
001000111
001000110
110110011
110111100
110111101
111000011
111000010
111001100
100101011
111001101
100101010
110010001
110010000
001011010
001011011
110011100
110011101
111011010
111011011
110111110
000110110
000110111
100001000
100001001
110111111
111000001
111000000
001010010
001010011
111011001
100101111
110100100
111011000
110100101
000110000
000110001
110000100
110000101
110110110
110110111
100101110
110011000
110011001
001011110
001011111
111011111
100101001
000111101
000110011
000111100
000110010
111000101
110110000
111000100
110110001
100101000
010100101
001010110
001010111
111011100
111011101
111010011
001101001
010111000
010111001
011110000
011110001
001101000
000011110
000011111
010100100
111010001
111010000
001101111
010111010
010111011
011110110
011110111
001101110
000010011
000010010
001100011
001101101
111010111
001101100
011110101
011110100
001100010
100010101
100010100
111010101
001100000
111010100
001100001
000010111
000010110
011100111
011111010
011111011
001111010
111100011
111101101
111101100
010110110
010110111
111100010
001111011
011100110
110101011
110101010
100010000
010101111
100010001
000101111
000101110
010101110
101010100
101010101
011100001
011111000
111101111
010110000
010110001
111101110
011111001
011100000
110101000
110101001
010100010
010101100
010101101
000101001
000101000
010100011
011111110
111101001
010110010
010111100
010110011
010111101
111101000
100000100
100000101
011111111
000101010
010100001
010100000
000101011
101010001
101010000
011100100
011100101
011110010
010111110
010111111
111101011
111101010
011110011
011111100
011111101
001101011
001101010
100011100
100011101
010100111
010100110
101011101
010011110
101011100
001110000
001110001
111111111
010011111
111111110
101101011
111100100
111100101
101000101
001110011
101101010
001111100
101000100
001110010
001111101
111111101
111110010
111111100
111110011
111111010
101011001
101011000
111100110
010000111
111100111
010000110
001111111
001111110
111111011
010101010
010101011
010010010
111100000
111100001
000001010
000001011
101000000
001111001
101000001
001111000
111111001
010010011
111111000
010101001
010101000
001100110
001100111
101101101
101101100
101100011
000000011
101100010
000000010
101001101
101001100
111110100
111110101
001100101
001100100
101100001
101100000
000001111
000001110
010010111
010010110
000011010
000000111
101101001
101101000
000000110
101001001
101001000
001110101
001110100
101111011
111110001
101111010
000011011
111110000
101101111
101101110
001110110
001110111
111110111
111110110
100100001
100100000
110000001
110000000
101111110
101111111
100101101
100100011
100101100
011001110
100111010
110001101
010001010
110001100
010001011
011001111
100111011
110110100
110110101
101111000
100100010
101111001
100100100
100100101
101100111
101100110
100111001
100111000
101110001
101110000
100100111
100100110
101100101
101100100
011001011
011001010
110001000
110001001
100111111
100111110
101110010
101111101
101110011
101111100
011011001
011011000
100111101
011000111
100110011
100111100
010000011
010000010
011000110
100110010
101110100
101110101
011011111
011011110
100110001
100110000
101110111
101110110
010011011
010011010
011000010
100110111
100110110
011001101
011001100
011000011
011011011
100110101
100110100
010001111
010001110
011011010
