011010110
011010111
110100001
000111111
000111110
100000000
100000001
011101000
011101001
110100000
100011010
100011011
011010101
011010100
110100111
000111001
000111000
100000110
100000111
011101010
011101011
110100110
100011001
100011000
011010011
011010010
011101101
110111000
000111011
100001110
000111010
100001111
001000010
001000011
110111001
011101100
110101110
111001000
111001001
110101111
110010101
110010100
011010000
000101101
011010001
110101101
110111010
110111011
100000010
100001100
100000011
100001101
011101110
011101111
110100010
110100011
110101100
110010111
110010110
000101100
110110010
100001010
001000111
100001011
001000110
110110011
110111100
110111101
111000011
111000010
100101011
100101010
110010001
110010000
110011100
110011101
110111110
001000001
100001000
100001001
001000000
110111111
111000001
111000000
110010011
110010010
110011110
001010010
110011111
001010011
100101111
110100100
110100101
110000100
110000101
110110110
110110111
111000111
111000110
100101110
110011000
110011001
100101001
111011110
000111101
000111100
110000111
001000100
001000101
110000110
111000101
110110000
111000100
110110001
100101000
001010110
001010111
111011100
111010010
111011101
111010011
001101001
010111000
010111001
001101000
001010000
001010001
111010001
111010000
001101111
000000101
000000100
010111010
010111011
001101110
000010011
000010010
001101101
111010111
111010110
001101100
000010000
100010101
000010001
100010100
111010101
001010100
001010101
111010100
000010111
000010110
011111010
011111011
001111010
111101101
111101100
001111011
000010100
110101011
000010101
110101010
100010000
010101111
100010001
000101111
000101110
010101110
101010100
101010101
011111000
111101111
111101110
011111001
110101000
110101001
100010110
010101100
100010111
010101101
000101001
000101000
101010111
101010110
011111110
111101001
010111100
010111101
111101000
100000100
100000101
011111111
100011111
000101010
100011110
000101011
101010001
101010000
010111110
010111111
111101011
111101010
011111100
011111101
001101011
001101010
100010011
100011100
100011101
100010010
101011101
101011100
101010010
101010011
111111111
111111110
101011111
101011110
101101011
111100100
111100101
101000101
101101010
001111100
101000100
001111101
111111101
111110010
111111100
111110011
111111010
101011001
101011000
111100110
010000111
111100111
010000110
001111111
101000110
001111110
101000111
010010001
010010000
111111011
010101010
010101011
010010010
101011010
101011011
111100000
010000101
111100001
010000100
101000000
001111001
101000001
001111000
111111001
010010011
111111000
010101001
010101000
101101101
101101100
101100011
000000011
101100010
101000011
000000010
101001101
101001100
101000010
111110100
111110101
010010101
010010100
101100001
101100000
101001111
101001110
010010111
010010110
000000111
101101001
101101000
000000110
101001001
101001000
101111011
111110001
101111010
111110000
000000001
101101111
000000000
101101110
101001011
101001010
111110111
111110110
110011011
100100001
100100000
110000001
110000000
101111110
101111111
110011010
100101101
100100011
100101100
100111010
110000010
110001101
110001100
110000011
100111011
110110100
110110101
101111000
100100010
101111001
100100100
100100101
101100111
101100110
110001110
110001111
100111001
100111000
101110001
101110000
100100111
100100110
101100101
101100100
110001000
110001001
100111111
100111110
101110010
101111101
101110011
101111100
110001011
110001010
100111101
011000111
100110011
100111100
010000011
010000010
011000110
100110010
101110100
101110101
010000001
100110001
011000101
100110000
010000000
011000100
101110111
101110110
011000010
100110111
100110110
011000011
100110101
100110100
011000001
011000000
