000100100
000100101
011010111
110100001
000111111
000111110
011101000
011101001
110100000
000100111
110100111
111001010
000111001
000111000
011101010
011101011
111001011
110100110
000100110
011010011
000100001
011101101
110111000
000111011
000111010
110111001
011100010
011100011
011101100
110101110
110101111
000100000
000101101
110101101
110111010
110111011
010110100
010110101
011101110
011101111
111001110
110100010
110100011
111001111
110101100
000100010
000101100
000100011
110110010
000110101
000110100
110110011
110111100
110111101
111000011
111000010
111001100
100101011
111001101
100101010
111011010
111011011
110111110
000110110
000110111
110111111
111011001
100101111
110100100
111011000
110100101
000110000
000110001
110110110
110110111
100101110
111011111
100101001
000111101
000110011
000111100
000110010
110110000
110110001
100101000
010100101
111010011
001101001
010111000
010111001
011110000
011110001
001101000
010100100
001101111
010111010
010111011
011110110
011110111
001101110
001100011
001101101
111010111
001101100
011110101
011110100
001100010
001100000
001100001
011100111
011111010
011111011
001111010
111100011
111101101
111101100
010110110
010110111
111100010
001111011
011100110
110101011
110101010
010101111
000101111
000101110
010101110
011100001
011111000
111101111
010110000
010110001
111101110
011111001
011100000
110101000
110101001
010100010
010101100
010101101
000101001
000101000
010100011
011111110
111101001
010110010
010111100
010110011
010111101
111101000
011111111
000101010
010100001
010100000
000101011
011100100
011100101
011110010
010111110
010111111
111101011
111101010
011110011
011111100
011111101
001101011
001101010
010100111
010100110
001110000
001110001
111111111
111111110
101101011
111100100
111100101
001110011
101101010
001111100
001110010
001111101
111111101
111110010
111111100
111110011
111111010
111100110
111100111
001111111
001111110
111111011
010101010
010101011
111100000
111100001
001111001
001111000
111111001
111111000
010101001
010101000
001100110
001100111
101101101
101101100
101100011
101100010
111110100
111110101
001100101
001100100
101100001
101100000
101101001
101101000
001110101
001110100
101111011
111110001
101111010
111110000
101101111
101101110
001110110
001110111
111110111
111110110
100100001
100100000
101111110
101111111
100101101
100100011
100101100
011001110
100111010
011001111
100111011
110110100
110110101
101111000
100100010
101111001
100100100
100100101
101100111
101100110
100111001
100111000
101110001
101110000
100100111
100100110
101100101
101100100
011001011
011001010
100111111
100111110
101110010
101111101
101110011
101111100
011011001
011011000
100111101
100110011
100111100
100110010
101110100
101110101
011011111
100110001
100110000
101110111
101110110
011000010
100110111
100110110
011001101
011001100
011000011
011011011
100110101
100110100
011011010
