000100100
000100101
110100001
000111111
000111110
100000000
100000001
011101000
011101001
110100000
100011010
100011011
000100111
110100111
000111001
000111000
100000110
100000111
011101010
011101011
110100110
100011001
000100110
100011000
000100001
011101101
110111000
000111011
100001110
000111010
100001111
110111001
011100010
011100011
011101100
110101110
111001000
111001001
110101111
110010101
110010100
000100000
000101101
110101101
110111010
110111011
100000010
010110100
100001100
100000011
010110101
100001101
011101110
011101111
110100010
110100011
110101100
110010111
000100010
110010110
000101100
000100011
110110010
000110101
100001010
000110100
100001011
110110011
110111100
110111101
100101011
100101010
110010001
110010000
110011100
110011101
110111110
000110110
000110111
100001000
100001001
110111111
111000001
111000000
110010011
110010010
110011110
110011111
100101111
110100100
110100101
000110000
000110001
110000100
110000101
110110110
110110111
111000111
111000110
100101110
110011000
110011001
100101001
111011110
000111101
000110011
000111100
110000111
000110010
110000110
111000101
110110000
111000100
110110001
100101000
010100101
111011100
111010010
111011101
001101001
010111000
010111001
011110000
011110001
001101000
010100100
111010001
111010000
001101111
010111010
010111011
011110110
011110111
001101110
001100011
001101101
111010110
001101100
011110101
011110100
001100010
100010101
100010100
111010101
001100000
111010100
001100001
011100111
011111010
011111011
001111010
111100011
111101101
111101100
010110110
010110111
111100010
001111011
011100110
110101011
110101010
100010000
010101111
100010001
000101111
000101110
010101110
101010100
101010101
011100001
011111000
111101111
010110000
010110001
111101110
011111001
011100000
110101000
110101001
010100010
100010110
010101100
100010111
010101101
000101001
000101000
010100011
101010111
101010110
011111110
111101001
010110010
010111100
010110011
010111101
111101000
100000100
100000101
011111111
100011111
000101010
010100001
100011110
010100000
000101011
101010001
101010000
011100100
011100101
011110010
010111110
010111111
111101011
111101010
011110011
011111100
011111101
001101011
001101010
100010011
100011100
100011101
010100111
100010010
010100110
101011101
101011100
101010010
101010011
001110000
001110001
111111111
111111110
101011111
101011110
101101011
111100100
111100101
101000101
001110011
101101010
001111100
101000100
001110010
001111101
111111101
111110010
111111100
111110011
111111010
101011001
101011000
111100110
111100111
001111111
101000110
001111110
101000111
111111011
010101010
010101011
101011010
101011011
111100000
111100001
101000000
001111001
101000001
001111000
111111001
111111000
010101001
010101000
001100110
001100111
101101101
101101100
101100011
101100010
101000011
101001101
101001100
101000010
111110100
111110101
001100101
001100100
101100001
101100000
101001111
101001110
101101001
101101000
101001001
101001000
001110101
001110100
101111011
111110001
101111010
111110000
101101111
101101110
001110110
101001011
001110111
101001010
111110111
111110110
110011011
100100001
100100000
110000001
110000000
101111110
101111111
110011010
100101101
100100011
100101100
100111010
110000010
110001101
110001100
110000011
100111011
110110100
110110101
101111000
100100010
101111001
100100100
100100101
101100111
101100110
110001110
110001111
100111001
100111000
101110001
101110000
100100111
100100110
101100101
101100100
110001000
110001001
100111111
100111110
101110010
101111101
101110011
101111100
110001011
110001010
100111101
100110011
100111100
100110010
101110100
101110101
100110001
100110000
101110111
101110110
100110111
100110110
100110101
100110100
