110100001
000111111
000111110
100000000
001001000
100000001
001001001
110100000
100011010
100011011
000100111
011010101
011010100
110100111
100000110
100000111
011101010
011101011
110100110
100011001
000100110
100011000
011011100
011011101
110111000
000111011
001001101
100001110
000111010
100001111
001001100
110111001
011100010
011100011
110101110
111001000
111001001
110101111
110010101
110010100
011010000
011010001
110101101
110111010
110111011
100000010
100001100
100000011
100001101
011101110
011101111
110100010
110100011
110101100
110010111
000100010
110010110
000100011
001011000
001011001
110110010
100001010
100001011
110110011
110111100
110111101
111001100
100101011
111001101
100101010
110010001
110010000
110011100
110011101
110111110
000110110
000110111
001000001
100001000
100001001
001000000
110111111
111000001
111000000
110010011
110010010
110011110
110011111
001011100
001011101
111011001
100101111
110100100
111011000
110100101
110000100
110000101
110110110
110110111
111000111
111000110
100101110
110011000
110011001
100101001
111011110
000110011
110000111
001000100
001000101
000110010
110000110
111000101
110110000
111000100
110110001
100101000
111011100
111010010
111011101
001010000
001010001
111010001
111010000
001101111
000000101
000000100
010111010
010111011
011110110
011110111
000011101
001101110
000011100
001100011
111010110
000010000
001100010
100010101
000010001
100010100
111010101
001010100
001010101
111010100
011100111
011111010
011111011
001111010
111100011
010110110
010110111
111100010
001111011
011100110
000010100
110101011
000010101
110101010
100010000
010101111
100010001
000101111
000101110
010101110
101010100
101010101
111101111
111101110
110101000
110101001
010100010
100010110
100010111
010100011
101010111
101010110
011111110
111101001
010110010
010110011
111101000
100000100
100000101
011111111
100011111
000101010
100011110
000101011
101010001
101010000
011110010
010111110
010111111
111101011
111101010
011110011
001101011
001101010
100010011
100011100
100011101
010100111
100010010
010100110
101011101
101011100
101010010
101010011
111111111
111111110
010011000
101011111
101011110
101101011
111100100
111100101
101000101
001110011
101101010
101000100
001110010
111111101
111110010
111111100
010011001
111110011
111111010
101011001
101011000
000001001
111100110
111100111
000001000
001111111
101000110
001111110
101000111
010010001
010010000
111111011
010101010
010101011
101011010
101011011
111100000
010000101
111100001
010000100
101000000
101000001
010011101
111111001
010011100
111111000
001100110
001100111
101101101
101101100
101100011
101100010
000001100
000001101
101000011
101001101
101001100
101000010
111110100
111110101
010010101
010010100
101100001
101100000
101001111
101001110
101101001
101101000
101001001
101001000
101111011
111110001
101111010
111110000
000000001
101101111
000000000
101101110
001110110
101001011
001110111
101001010
111110111
000011000
000011001
111110110
110011011
100100001
100100000
011001000
110000001
110000000
011001001
101111110
101111111
110011010
100101101
100100011
100101100
100111010
110000010
110001101
110001100
110000011
100111011
110110100
110110101
101111000
100100010
101111001
100100100
100100101
101100111
101100110
110001110
110001111
100111001
100111000
101110001
101110000
100100111
100100110
101100101
101100100
110001000
110001001
100111111
100111110
101110010
101111101
101110011
101111100
011011001
011011000
010001101
110001011
110001010
100111101
010001100
100110011
100111100
100110010
101110100
101110101
010000001
100110001
011000101
100110000
010000000
011000100
101110111
101110110
100110111
100110110
010001001
011001101
011001100
010001000
100110101
100110100
011000001
011000000
