101010011
100000000
001110000
011101001
110100000
111111111
010011111
100011011
011010101
010011000
101011111
000111000
100000110
101000101
111110011
000100001
011010011
101011001
000001001
111100111
000111011
010000110
000001000
101000111
011100011
111001001
110101111
010010001
010010000
110010101
010101011
000100000
011010000
110111011
010000101
010000100
111100001
100000011
010110101
000001011
101000001
011101111
111001111
110100011
010011101
111111001
010010011
010101000
000100011
101100011
000000011
110110010
000001100
000001101
101000011
000000010
101001101
110111101
111000011
010010101
111110101
100101011
110010001
110010000
111011011
101100001
101100000
001000000
000001110
111000000
010010111
110010011
110010010
110011111
000011010
110100101
000000111
101101001
000110000
000110001
110000100
110110111
111110001
101111011
000011011
111110000
110011001
111011111
101101111
000000001
000000000
000110011
110000111
000110010
110110000
111000101
110110001
101001011
000011001
100100001
111011101
111010011
010111001
110000001
011110001
100101101
111010001
000000101
000000100
010111010
010111011
110000010
010001010
011110111
000010010
100100010
111010111
100100101
100111001
000010000
101110001
000010001
100100111
101100101
011001011
100111111
101111101
011011001
011111011
111101101
010110111
010000011
011000111
100110011
010001100
010000010
100010001
011011111
101010101
010110000
010110001
100110000
010000000
011100000
110101001
101110111
010100010
010101101
100010111
000101001
101010111
010011011
010011010
010110010
010110011
100110111
010001001
011001101
011000011
100000101
000101010
010100001
000101011
101010001
101010000
011100101
010111111
100110101
111101011
010001111
011000001
010001110
011111101
100010011
100011101
010100111
100010010
