101011100
101010011
000111110
001110000
011101001
111111111
010011111
100011011
011010101
101011111
111001010
001001010
111100100
000111000
101000101
101101010
001111100
101000100
110100110
111111100
111110011
000100110
100011000
011010011
111111010
101011001
110111000
000001001
111100111
100001111
001001100
000001000
001111110
101000111
011100011
110101110
111001001
110101111
010010001
110010101
110010100
010101011
000100000
101011010
110111011
111100001
100001100
010110101
100001101
000001011
001111000
101000001
011101111
111001111
110100011
110101100
010011101
111111001
111111000
010010011
000101100
110010110
001011000
101101100
101100011
000000011
000001100
000001101
100001010
000110100
001000110
101000011
000000010
101001101
110111101
111000011
111000010
101000010
010010101
111110101
111001100
100101011
110010001
110011100
001100100
111011011
101100001
110111110
000110110
100001001
001000000
000001110
101001110
010010111
110010011
110011110
110011111
001010010
000011010
110100101
111011000
000000111
101101001
000110000
110110111
101001000
111000110
111110001
101111011
100101110
110011001
001011110
111011111
111011110
101101111
000000001
000000000
000110010
001110110
111000101
110110001
101001011
100101000
111110110
111011100
100100001
111010010
111011101
111010011
010111001
011110001
001101000
101111110
110011010
100101101
111010001
000000101
000000100
100111010
010111011
110001101
110110100
011110111
001101110
101111000
000010010
000011100
100100100
111010111
100100101
111010110
101100110
110001110
100111001
000010000
001100010
101110001
100010100
001010100
100100111
100100110
111010100
101100101
011001011
110001000
100111111
100111110
101110010
101111101
000010110
011011001
011111011
001111010
111101101
110001011
010110111
100111100
011000111
100110011
111100010
101110100
110101010
100010001
000101110
011011111
101010101
010110001
111101110
110101001
101110111
010101101
100010111
101010111
010011011
101010110
010110011
100110111
111101000
011001101
100110110
011000011
000101010
010100001
100011110
101010001
011100101
010111111
100110101
111101011
011000001
011111101
100010011
100011101
010100111
