11100100
00100011
00100010
11111000
00011011
00100001
11010010
11010011
11100111
00100000
00000011
11000101
11111011
00001110
11100000
11011111
00101001
11001011
00111011
00010100
00001000
00101110
00001001
00001011
00101101
11101111
00111100
11001100
11000011
11001110
00111110
00010001
00101010
11110111
00010011
00010010
00011101
11010100
11101010
11011010
00000100
00110110
00110111
11000110
11110010
11000111
11110001
00011111
00100101
00000111
00110000
00110001
11111110
11000000
11111101
11110011
00011001
00011000
01011110
