011001000101
010110101111
000010011101
001000001111
011100101110
101110111011
100110011110
001010010100
011110110101
000010000010
000010001100
010100000110
000010011110
001110000011
000010011111
100110010010
001010010111
000010000000
001110001111
010100000101
101110110100
011001010100
010110111110
000010010000
000010010001
000110001010
000000001010
000000001001
000110001001
001010100111
001010011001
010011000101
010011000100
000000011011
001011000101
101110110101
010010110110
001010000110
011000010101
011110010100
001010000101
000100100111
011000010110
001100011011
000100111000
010110110001
001100000111
001100000110
001011010100
000100111011
011111010111
011110000111
011110000110
010000110001
000100100101
000100100100
000010001111
001010101011
000010001110
011111000101
100110001101
011111000100
001001010110
011010010111
100110001110
000100110110
101110101011
100110000001
001000010011
101110101001
001100101001
000000111001
010010000111
010100110101
001110110000
000100011010
010101000100
001100101011
011000000110
001110111101
000110101010
001110111111
011000000100
000110101001
010100110110
001010001011
000110011100
000110010011
000110011101
000100001011
111110110100
000110011110
010101010101
011010100110
001100011101
111110110111
000011010101
011100110100
000110111000
011100110111
000110100101
010010000101
010010000100
011010110101
011000101111
100110110001
110110110011
000110000001
000010100000
001100110101
001110101110
001000101110
010010101111
101110011001
001010110111
000000011101
011110101111
000100010110
010010010101
010010010100
000010111110
001110101101
001110100011
001010110100
000100010101
000010111100
000010110010
110110110000
000010110001
001000110011
100110100001
100110100000
011000111111
001100100110
000000101010
001000110001
100110101100
001000111101
011000110000
000010101110
011000110010
000101000111
011110110011
100110111101
000010101101
100110101011
011110110000
000010000101
000010011010
101110110010
001000011001
010000100110
001010100001
100110101001
011100010101
001010110011
000010010111
011100000111
001010011111
010010110011
001000101001
000000000010
101110010001
001010111111
001101010101
001010000001
011011000100
000100101100
001110010101
010100101110
000100101110
010110110100
011011000111
100110001000
000110110111
001101000100
000100100001
000000110100
000100100010
000000110101
001100000001
001110000100
100110011011
011011010101
000011000111
000100110011
000011000110
000100111101
010100111111
011011010110
010000110111
010000110100
001000000101
001110110111
001111000110
001100010100
000100000000
000000100000
001111000101
000110010100
000110100010
000110100011
000110101100
000100001101
000100001100
000000100011
000000101100
001001000111
000100001110
000100001111
000000101111
011101010101
010100110000
101110001111
001110111001
101110000011
001110111011
000000110010
000010110100
000110110000
011010111110
011010111111
011101010110
000110011001
111110110010
000000111110
111110110001
000111000111
001010001101
000110011011
001100010111
000000011000
010111000110
000010111011
000000000100
101110011111
011100110011
011100110010
000000000111
000110000110
000010100110
000111000100
000001010100
100110110100
001000100101
110110110111
100110110110
010001000101
010110000111
001000111011
001100110001
000001010110
000111010111
000111010110
010010100111
001100110010
010001000110
000010101011
011110100111
000000010101
001100111111
000100010001
100110111010
000010101000
010110000101
000000010111
000000010110
001000110110
010000010100
001100100011
010001010111
011110100110
010110010110
001100101111
010111010100
001110110110
001000110111
