100000101110
011001000101
100000101111
100011000100
010000100010
100100001010
100010110111
001010111010
001000001100
100000101101
100011011001
000010011101
011100101110
101110111011
011110110101
000010000010
000010001100
001110000010
000010011110
001011001010
000010011111
100011101010
000010000000
100000010010
100011101001
100010100101
100100011010
101110110100
100011001000
011001010100
100100011001
100010111000
010001000001
000010010000
000010010001
100010100110
000110001010
000000001010
001101010000
100101110001
000000001001
100011001011
000110001001
010111000011
010111001101
001010111000
001011011011
010110100010
000000011011
100100000101
010000101101
010000101100
001011011000
101110110101
100010111011
100111000001
100011111010
100001011111
100000001111
100010101000
011000010101
100111000011
100111001110
011110010100
010101100000
100001011100
010011001001
000100100111
011000010110
001101010011
001101010010
010101101100
000100111000
010111110111
001100011000
010100101000
010100101001
010101101111
000100111011
011111010111
011110000111
011110000110
001000010000
010100100100
100000011110
100000011100
100000010011
100011010101
100111010000
000100100101
100001001101
001011101001
100001000011
000100100100
000010001111
000010001110
100101001001
010001110101
100111011101
001100001010
001101001101
011111000101
100001000000
011111000100
011010010111
001110010010
100001000010
000100110110
101110101011
100111011111
010100111011
100000000001
001101001110
100010010110
100010010101
001000011110
101110101001
100111101101
010111111011
010010011011
001011100100
001100101000
010101011001
001001011101
000000111001
010111100110
100001100000
000100011010
010010011000
010010011001
010001100100
001111011110
011000000110
100101001110
000110101010
100100111000
010001110110
011000000100
100001101110
001001000000
001111000000
100101000011
100101001100
100011110110
000110101001
001011111011
100111100010
001001001101
001001000011
001011110101
000110011100
000110010011
000110011101
100011110111
100001010100
000100001011
111110110100
100101010001
001010001000
100100100110
000110011110
001111001111
001001101100
011010100110
001100010010
010000001110
010000001111
111110110111
000011010101
011100110100
100100110100
100010001010
100101011110
000110111000
011100110111
001011110111
100100110111
000110100101
100010001001
100101010010
010001111010
100011100110
011010110101
100100101011
001001111111
010001010010
010001011100
011000101111
010010100001
110110110011
001000100010
000110000001
000010100000
100011100101
010111000001
100100101001
001111101100
100100010000
100000110000
001111100001
010110001110
101110011001
010011110001
000000011101
011110101111
000100010110
010000011111
000010111110
001101110100
100101111001
010111010011
010111011100
010000000011
001001110010
010011111100
100101100101
000100010101
001001111100
000010111100
001111110011
001111111101
000010110010
110110110000
010001101011
001000100000
010111011111
000010110001
010110000000
011000111111
010000010000
010110011111
010011101110
100111110011
010011100011
100111111100
010011101100
001111110010
000000101010
001101101001
001100111010
010000011101
010110011101
010110010010
010011100000
010100001011
011000110000
100000100001
010100011010
100001111100
100001110011
100001111101
000010101110
010100001000
011000110010
100101101010
000101000111
011110110011
001101111000
100001110000
100111110000
100110111111
000010101101
100000111111
100101101000
011110110000
001101111011
010110101000
010011011101
000010000101
010100001100
001101100111
010100000010
000010011010
001110001000
010000111010
101110110010
001010100000
010011011110
010110101011
100110010101
001101100101
010100000001
010000111000
010000100101
100010110011
100011011110
100100001111
100001001011
011100010101
100011010011
100011011100
100010110000
000010010111
010111001000
011100000111
001000001010
001010010010
001010011100
001011001110
010110111010
010111001011
100100000000
010001011011
010000101001
100100000010
100010111110
010010111100
010010111101
001011000010
001011001100
010110111001
100011100011
000000000010
100101110111
100100011101
100011000010
101110010001
100011100000
100010100010
010011010000
001011011111
100101110101
100011001111
010001001000
100010101111
011011000100
010101111011
100001000101
000100101100
000100101110
010101100111
001101011001
001100001100
011011000111
010101111000
010100100011
001011010001
100000001000
100011101100
000110110111
100000001011
100011101110
010011001111
000100100001
100111001011
100111001010
100001010111
000000110100
000100100010
000000110101
010011000010
100110000111
010010001011
010010001010
001011101111
001011101110
100010011101
011011010101
000011000111
000100110011
000011000110
000100111101
010101110110
001101001011
100110000100
100000011000
001110011010
011011010110
010100111100
100000000110
100111000101
100010010000
001111010011
001111011100
001111011101
100001011010
100001000110
001001010001
100111000110
010101100101
100001011001
100111011000
100100110001
100001111010
001111011000
100100110010
000100000000
000000100000
010001111101
100101011011
010001110011
001011111101
000110010100
100100111100
000110100010
000110100011
000110101100
000100001101
100100111110
000100001100
000000100011
000000101100
100010000011
100010001100
001011111110
100111101001
100101011000
100001100111
010001111110
010101010011
010101011100
100111111010
100111111011
001001011010
010010001101
000100001110
000100001111
000000101111
100010000000
011101010101
001011100011
001011100010
101110001111
010001110000
001111101010
100100100000
010111110001
010010010001
001111001001
010000001010
101110000011
010101101001
010000001001
100001101011
010011110111
010111110010
010111111101
000000110010
100011110001
010001101111
100011111100
000010110100
010101101010
000110110000
011010111110
011010111111
011101010110
100101010110
001001001000
000110011001
111110110010
010111111111
001001101011
000000111110
001001101010
100101000100
100011111111
010111101101
010111101100
010111100010
111110110001
000111000111
000110011011
010010010010
010001100000
010111100001
001011110000
000000011000
100101101100
010000011010
100000110101
000010111011
001110101000
000000000100
100100010111
100000110110
101110011111
010011111000
100101100000
001001111001
011100110011
011100110010
000000000111
100111110101
010111011010
001111111010
000110000110
000010100110
000111000100
001100111100
000001010100
010110011011
010100010000
010010100100
110110110111
100101010101
100100101101
100100101100
100100100011
000001010110
000111010111
000111010110
001001100110
010100010011
010110011000
010100011101
010011100101
100101111110
100100010100
001001110100
001001110101
100000100100
001101110001
010100011110
100001110110
000010101011
100000111001
011110100111
000000010101
010101001111
100111100100
010101001110
000100010001
001111110111
001110100100
000010101000
100000111011
000000010111
000000010110
010011111011
010101000010
001111110100
001101111110
010011101010
010010101000
100111110110
010011101001
100110100111
100101101111
011110100110
001101100010
001101100000
