0111111
1110111
1001110
1000100
1111000
0010010
0101110
0011101
1011001
1010110
0100100
1100110
1101001
0000011
0001100
0110110
0111001
1000010
1110100
1001101
1111110
0101000
0011110
0010100
1010000
1011010
0100111
1100100
1101111
1100101
0000101
0001111
0110001
0110000
1001011
1100010
1000001
1110010
1111101
0011001
0101011
0011000
0010111
1010011
1011100
0100001
1100011
1101100
0111010
0000110
0001001
0001010
0110011
0111100
1101010
1000110
1001000
1110001
1110000
1000111
1111011
0011011
0100010
0010001
1011111
0101101
1010101
1100001
1100000
0000000
