011001000100
100000101110
100011011000
111101010110
100011000101
110101000011
101001000111
101011100011
110010001001
100100001011
101011101101
111010010011
101100011110
011000110111
100000100010
100011011010
111000001000
101011101111
101011101110
000100110100
100110101111
011110110100
001010010100
010000111111
101000100101
100011101011
100000010010
101011100000
101110100110
110001101010
010100000101
111010011110
101000100111
111000011011
100011101001
110100101100
110101011110
100100000110
101100001100
101100000010
101100000001
111001111100
010110111111
110100100000
110101011101
101111000110
100010100111
101100001111
111000000110
111000000101
110110110101
110100100010
101110010111
101001010101
010011010110
001010100110
111110000111
010011000100
110010101010
111001110010
101110110111
111101101000
110100111111
010110101110
101000110110
101110110101
101100100011
110001010101
010010110110
001011000110
110000001111
101101001110
111010111101
110001000110
100011111011
011110010110
110010010101
110010010100
101101000011
100001011111
111000010111
100010101001
101001111011
101000010111
111000101010
001010000101
110000000001
101001111001
000100100111
011000010110
001011010111
110111000111
111001100000
111011110111
011111010101
001100000111
001100000110
111010110000
111001100011
101001100100
010110110011
111100010101
111110010100
110010000101
111100001110
101011111100
111101011000
100101001011
110001001000
001111010110
111100001100
010000110000
100011010100
111101000100
011110000101
111100000000
111011111010
101010111110
011010010111
001001010110
101001101000
110011010011
110011011100
011111000110
101010110010
100010010110
011010010100
100000000011
101000101001
111100011111
100101000000
110011000110
110101110101
010010000111
101010101010
110011011000
101101101110
100001100010
101101010000
110110000100
100010011011
100100111000
011000000100
100111010100
100001101111
101010010001
101101011100
101101010010
111001001010
111001001011
100101001101
111011101001
100011110110
110010111001
100100111011
010100110110
101101011111
010101010111
010101010110
110011001010
110010111010
100001010100
100101010001
100100100110
101000011010
110101100110
111000111011
111100101101
011010100110
100100100101
111001011001
111000111001
110100001111
101110000101
101001110100
100101011110
110000010111
010010000100
100010001000
100011100110
100110110001
010100010100
100110110010
111011000001
001100110101
110011100111
001110101111
101011001100
001000101110
101010001110
100100010001
110011100100
011110101111
000100010110
101100110000
100101111010
110000111110
101101110001
111101111101
101100111100
110000110010
110100011100
110100010010
110100101000
111101111111
001100100110
111010000000
000101010101
101011010010
001000110001
101010011111
111010001101
111010001100
100101101001
100000100001
110101101011
100001111100
101010001101
110001111111
101010000010
000010101110
111100110001
110000100001
000101000110
101011011101
111011001110
100001110000
100000111110
011110110000
101001000000
100110010111
001000000111
110001101101
110001100011
010000100110
101110110011
101000110011
111001110101
100000101011
101011111000
101001001110
101000111111
101001001101
110010000010
100010111101
101100101010
111010011001
100000101000
100100001111
110101001010
110010001111
011100010101
100010110000
111010101011
001010110011
011100100111
010010110001
101001010011
100100000000
111101100010
010110100111
111001100110
110101000101
101001011110
110001010001
110100100111
110101011010
101101001010
100011000001
101100001001
110100111001
110101000110
100101110110
100101110111
100011000010
100100011101
000010010101
100010100011
100011001101
001101010100
111101101111
100011001111
100010101111
011011000101
111111010111
011101000111
111010100101
101001100001
100000001000
100011101100
111100001011
001000010101
111010110110
101010110101
110000011011
000110110110
110001010010
111101000001
100000001010
100001010111
110000011000
101101000100
111000101111
000110110101
111000010000
100010011101
000011000111
101000100000
001110000111
100000000100
101010111001
011011010111
111011110001
111010111000
101011110111
100000011001
010000110101
101100010100
101010100100
111100010011
100001000111
100111000111
110001001110
100001011001
001110110111
011010101111
100001100101
001111000101
111100011001
000110010101
111011010100
100100110011
110100001001
111011100010
110010110011
110010111100
110100001010
111001001101
100010001100
110011011111
110011001101
101000000010
110010111111
000000101111
011101010100
010100110001
110011000000
111001010010
111001011100
000010110111
110101111110
111000101100
111000100011
100011110011
110000011101
000001000101
000110110000
011010111110
101000011100
101101011011
000000110011
111110110001
101101111010
111110111111
111001011111
101101100111
110101110011
101000011101
100101101100
110101010100
100000110101
100100010111
110010101110
100101100001
101100100101
011100110010
110000110100
101100111001
000000000111
000000000110
111011000111
110100010111
000010100110
100100101110
011010110001
110101100001
110110110110
000110000100
010110000110
001100111110
100100101101
010111000100
111100111010
000111010111
000111010110
101011001001
110011111110
101010001011
110001110111
101101110110
001100110010
010001000111
101010011000
110011110010
110011110001
101010000111
110000100100
101011010111
101010000100
001000110100
100110100110
010000010111
010110010111
001100101111
010001010100
110001111001
110001111000
010111010101
111100110110
111101110100
