011001000100
100011011000
110101000011
101011100011
110010001001
101011101101
111010010011
101100011110
001010111011
011000110111
100011011010
111000001000
101011101111
101011101110
000100110100
100110011110
011110110100
001010010100
000010000011
010000111111
100011101011
101011100000
100110010000
110001101010
010100000101
111010011110
111000011011
100011101001
110100101100
110101011110
101100001100
101100000010
111001111100
010110111111
110100100000
000010010001
110101011101
000000001011
110110110101
110100100010
010011010110
001010100110
010011000100
110010101010
111001110010
101110110111
111101101000
010110101110
101110110101
010010110110
001011000110
110000001111
101101001110
111010111101
100011111011
011110010110
101101000011
100001011111
101001111011
000100101000
111000101010
001010000101
110000000001
101001111001
000100100111
011000010110
001011010111
111001100000
111011110111
011111010101
001100000111
001100000110
111001100011
101001100100
010110110011
111100001110
101011111100
111101011000
100101001011
110001001000
001111010110
111100001100
010000110000
011110000101
000100100101
000010001111
111100000000
111011111010
001000011111
011010010111
001001010110
101001101000
110011010011
110011011100
100110000001
011111000110
001110011101
011010010100
111100011111
000000111010
100101000000
110101110101
000000111001
010010000111
101010101010
110011011000
001100101011
101101101110
100001100010
101101010000
000110101011
011000000100
100001101111
101101011100
101101010010
111001001010
111001001011
100101001101
111011101001
100011110110
000110101000
110010111001
010100110110
101101011111
000110010010
010101010111
010101010110
110011001010
110010111010
100101010001
101000011010
110101100110
111000111011
111100101101
011010100110
001100010011
111001011001
111000111001
110100001111
101001110100
000110111001
100101011110
010010000100
100011100110
100110110001
010100010100
001000100011
100110111100
100110110010
111011000001
000000011110
001100110101
110011100111
001110101111
101011001100
001000101110
101010001110
110011100100
011110101111
000100010110
001110100011
100101111010
101101110001
111101111101
000000010000
000010111100
101100111100
110100011100
110100010010
110100101000
111101111111
100110100001
001100100110
111010000000
000101010101
101011010010
001100111011
001000110001
111010001101
111010001100
001000111101
100101101001
110101101011
100001111100
110001111111
101010000010
000010101110
110000100001
000101000110
101011011101
111011001110
100001110000
000010100010
011110110000
101001000000
001010101101
001000000111
000010011011
001110001001
110001101101
110001100011
010000100110
101110110011
001010100001
001000011011
111001110101
101011111000
101001001110
101001001101
110010000010
101100101010
111010011001
001000001001
110101001010
110010001111
011100010101
111010101011
001010110011
011100100111
010010110001
101001010011
111101100010
010110100111
111001100110
101001011110
110001010001
110101011010
101101001010
100011000001
110100111001
100101110110
100101110111
100011000010
000010010101
000110001110
100011001101
001101010100
111101101111
000000001101
100011001111
000110001101
011011000101
100110001010
011101000111
111010100101
101001100001
100011101100
111100001011
001000010101
110000011011
000110110110
110001010010
111101000001
000100100010
110000011000
000110110101
111000010000
100110011011
000010001000
000011000111
000100111101
101000100000
001110000111
100110011000
011011010111
101110101101
111011110001
111010111000
101011110111
010000110101
101010100100
111100010011
110001001110
100001011001
001110110111
011010101111
000100000001
100001100101
001111000101
111100011001
000110010101
110100001001
111011100010
000110100011
110010111100
110100001010
111001001101
000000101100
110011011111
110011001101
101000000010
000100001110
000000101111
011101010100
010100110001
110011000000
111001010010
111001011100
000010110111
110101111110
111000101100
111000100011
100011110011
110000011101
000001000101
000110110000
011010111110
101000011100
000110011001
101101011011
000000110011
111110110001
101101111010
111001011111
101101100111
110101110011
100101101100
100101100001
000010100101
011100110010
000000000111
000000000110
000010100110
011010110001
110101100001
110110110110
000110000100
010110000110
001100111110
010111000100
111100111010
000111010111
000111010110
101011001001
110011111110
110001110111
101101110110
001100110010
010001000111
101010011000
000100011100
000100010011
110011110010
110011110001
110000100100
100110111010
100110100100
001100100001
001000110100
000100011111
010000010111
010110010111
001100101111
010001010100
110001111001
110001111000
010111010101
111101110100
