0011101001
0000111111
1100101101
1111011111
0001001111
0011010100
0011010101
1100101110
0000111000
1100101111
0011101010
1100100001
0011101011
0000110011
0000111101
1111011001
0001001001
1110110110
0000100100
0001001010
1111011010
1100101100
0000111110
1100100010
1100100111
1111011011
0000110001
0001001011
1100111011
1100111001
0000110010
1100100000
1100010101
1100100101
1100100100
0000110110
1100111000
1100100110
0001000100
0010110100
0000101110
0011000100
0011000101
1100111110
1100110011
1100111101
0001011110
1111101001
0000101101
0011011111
1100010000
1100010001
0010110111
0001000111
0001000110
0000101000
0000101001
1111101101
1100110010
1100110001
0001011000
1111101110
0011011100
0011010011
0010110000
1100010110
0001000001
0001000000
0000100000
1100000101
1100000100
1100110111
1100110110
0001011011
0000100111
0011010000
1100011111
0001001101
0001001100
0001000010
0000101100
0000100010
1100110100
0011010111
1111101011
0000100001
1111101010
0011010110
0000111010
0000111011
1100011100
1100010011
0001101000
1111111000
1111100101
0011110110
0000011101
0000011100
0000010010
0001010101
1111100110
0001010100
1110101110
1111111111
0010111001
1110101111
0001101111
0001101110
1111111110
0011110101
0011110100
0000010001
0000010000
0001010111
1111111101
0010111010
1111110011
0010111011
0001100011
0001101101
0000000110
0010110001
0000101011
0010100001
0010100000
0011111101
0011110011
0000101010
1111100001
1110111010
0000011001
0000011010
1010110100
0011111110
1111101100
1111100010
0001010001
0010111100
0010110010
0000000100
0000000101
0001101011
0010111101
1111111011
1111111010
0010100110
0011110001
1111100111
1010110101
0000011111
1111100000
0011110010
0001010010
0001011101
0001010011
0010100101
1110101101
0010111110
0010101111
1101101111
0010101110
1110111111
0011111011
1111110100
0011100100
0011100000
0010101101
0010100011
0010101100
0011111111
1110111001
0011111000
1110100110
0011100111
0011101100
0011100010
1111110010
0010101011
0010101010
0000010111
0000010110
1110110111
1111110001
1100101010
1100101011
0011100001
0011101110
0010101000
1101101101
1110111100
0000010100
1101101110
1111110111
1111110110
1100101001
0011101101
0001110111
0001110110
1110000010
0010011110
1110001100
0010010011
1110000001
0010011101
1101111111
1010100000
1010100001
0010000100
1101111010
1101100110
0001110000
0010011000
1110001111
0010011111
1101111001
1010100010
1010101100
1010100011
0010000110
0010000111
1110001001
0010011011
0010000000
0010000001
0001110101
1110001010
1110001011
1101111100
0010000010
1010101001
0010001100
0101101100
1101010100
0000000011
0101100011
0000001100
0001111001
1010110001
0001111010
0001100100
0001100101
0000001110
0000000000
0000011011
1010110011
0010010100
0010010101
1010110010
1101110110
1101110111
0101101001
1101010001
0101101000
0000001001
0001100010
0001111100
0001110011
0010010110
0001100001
0101101010
1010100100
0000001010
1101010111
0000001111
0101101011
0001111111
0010010010
0010010001
0001100110
0000001000
1101011110
0011001111
1100000000
0101110010
1100000010
0011001000
1101011101
1101010011
1100011010
1101010010
0101100101
0011000011
0011001101
1100000111
1100000110
1101000101
0011001110
1100011001
1101011011
1111001010
0011000001
1100001000
1101000110
1111001001
0011000010
1101000111
1110010100
1101011001
0101100000
1101011000
0101100001
0011011010
0011000110
1111001000
1100000011
1100001101
1100001110
1101000000
0011011001
1111001111
1101000001
1110010110
1110010111
1110010010
0010001101
0000110100
0000110101
1111010101
1111001110
1101001100
1101000010
1111000011
1111001101
1101001101
1010101010
0010001111
1010101011
1110010001
1110011110
1111010110
1111010111
0101110100
1100001001
1100001011
1101001111
1101001110
1111000000
1111000001
0010001001
1110010011
1110011101
1110011000
1111010000
1101001010
1110000110
1110000101
1101001000
1111000110
0010001011
1110011111
0010001010
1110011011
1111010010
1111010011
1111011100
0011001001
0101110001
1110000000
1110000111
1111000101
1101001011
0011001010
0011001011
1111000100
