01100101
10101100
11100100
01100100
00100010
11111000
01111111
10000010
01011100
11010010
11100111
00100000
10011010
11000101
11111011
01111100
00001110
01010000
11100000
11011111
10000100
01001000
00010100
01010111
00001000
10101011
01100110
00101110
10110101
10110100
01111010
01111001
10011100
00101101
11101111
01010101
01101111
00111100
01000010
11001100
01001101
11001110
01110101
10111111
00111110
10111110
10010000
11101001
01101000
00101010
01101100
11110111
10110010
00010010
10001010
10010110
10010111
00011101
01011011
01011010
01101110
11010100
11101010
10100111
11011010
10100110
00000100
00110110
00110111
01000110
11000110
11110010
11000111
01110000
00011111
10010101
10001000
10010100
00100101
11011001
10100101
10100000
00000111
10001101
00110000
11111110
11000000
11111101
01110110
10111001
10111000
00011000
10001111
01011110
