01100101
11100100
01100100
00100010
01111111
10000010
11010010
00100000
10011010
11000101
11111011
01010000
11100000
11011111
10000100
01001000
00010100
00001000
10101011
10110101
10110100
01111001
10011100
00101101
11101111
01010101
00111100
01000010
11001100
01001101
01110101
10111111
10111110
10010000
11101001
01101000
00101010
01101100
10110010
00010010
10001010
00011101
01011011
11010100
00000100
11110010
01110000
10010101
10001000
10010100
00100101
11011001
10100101
10100000
10001101
00110000
11111110
11000000
10111001
00011000
01011110
