01100101
10101100
11100100
10100011
01100100
00100011
00100010
10000001
11111000
01111111
00011011
10000010
01011100
00100001
11010010
11010011
11100111
00100000
00000011
10011010
10011011
11000101
01001011
11111011
01111100
00001110
01010000
11100000
11011111
00101001
10000100
01001000
11001011
00111011
00010100
00001000
10101011
01100110
00101110
00001001
10110101
10110100
01111010
01111001
10011100
00001011
00101101
11101111
01010101
01101111
00111100
01000010
11001100
11000011
01001101
11001110
01110101
10111111
00111110
10111110
10010000
00010001
10010001
11101001
01101000
00101010
01100011
01101100
01000001
11110111
00010011
10110010
00010010
10001010
10010110
10010111
00011101
01011011
01011010
01101110
11010100
11101010
10100111
11011010
10100110
00000100
00110110
00110111
01000110
11000110
11110010
11000111
11110001
01110000
00011111
10010101
10001000
10010100
00100101
11011001
10100101
10100001
10100000
00000111
10001101
00110000
00110001
11111110
11000000
11111101
11110011
00011001
10111001
10111000
00011000
10001111
01011110
