01100101
01100100
00100011
00100010
10000001
01111111
00011011
10000010
01011100
00100001
11010010
11010011
00100000
00000011
10011010
10011011
11000101
01001011
11111011
01111100
01110011
00001110
01010000
11011111
00101001
10000100
01001000
11001011
00111011
00010100
01010111
00001000
10101011
01100110
00101110
00001001
01111010
01111001
10011100
00001011
00101101
11101111
01010101
01101111
00111100
01000010
11001100
11000011
01001101
11001110
01110101
10111111
00111110
10111110
10010000
00010001
10010001
11101001
01101000
00101010
01100011
01101100
01000001
00010011
00010010
10001010
10010110
10010111
00011101
01011011
01011010
01101110
11010100
11011010
00000100
00110110
00110111
01000110
11000110
11000111
01110000
00011111
10010101
10001000
10010100
00100101
11011001
00000111
10001101
00110000
00110001
11111110
11000000
01110110
00011001
10111001
00011000
10001111
01011110
