01100101
01100100
00100011
00100010
10000001
01111111
10000010
00100001
00100000
00000011
10011010
11000101
11111011
11011111
10000100
01001000
00010100
00001000
10101011
01100110
01111001
10011100
00101101
11101111
00111100
01000010
11001100
11000011
01001101
10111111
10111110
10010000
00010001
10010001
11101001
01101000
00101010
01100011
01101100
01000001
00010011
00010010
10001010
10010110
10010111
00011101
01011011
00000100
00110110
00110111
01000110
11000110
11000111
10010101
10001000
10010100
00100101
11011001
00000111
10001101
00110000
00110001
11111110
11000000
10111001
00011000
01011110
