01111110000
00101001110
01100000110
01101010011
01101011100
00000011100
00110011000
01110001011
10110000000
11011101010
00011011000
10010001001
00110000100
00011000111
00010011011
11111101100
10101111010
01000011010
00100000010
00101000101
01000000011
11001000110
11000011011
10001000100
11111100111
11000001001
00100011001
01111110101
00101011011
11010010001
10000000101
01111011111
10000010010
00110010100
10110010011
00010001010
01001010010
10101100110
10100001000
11101101010
10010010000
11011001111
11110011010
01001010100
00010010101
10111110111
11101111111
10101010110
01111010110
00001000110
00111001010
11111101001
10111111110
01110010001
11011110010
11110000101
01101000000
00100010000
10001011010
10101101001
11001010001
10011011100
11100010001
11100010000
10111100000
11010000010
01111100011
10111111001
01011100110
00011010010
11101001101
00000000001
00001001001
01011111001
11010001110
01001001010
11100001100
10010000100
00111000001
10001001000
01010001100
00000001110
11000010100
11101110000
11101011110
01011111100
10001001011
