01000110010
01011010101
01111001000
01110111000
00101001110
01100000110
11110100010
01110100100
01000100100
10100100100
01010010110
01101010011
01101011100
00000011100
11110101111
00110011000
11011010011
10010111001
01110001011
10110000000
11000110111
00011011000
01010101111
10111011000
10010001001
00110000100
00011000111
00010011011
01100101001
01000011010
00100000010
00100110101
00101000101
10100001111
10101000000
01110001101
01000000011
11001000110
11110111101
10110010111
11000011011
10001000100
11000001001
00100011001
00101011011
11010010001
10000000101
01100101101
01110110010
10000010010
00110010100
10110010011
00010001010
01001010010
11010010111
10100100001
11000111000
10100001000
10111001001
00110111110
10010010000
11100111011
11110011010
10110100111
01001010100
10010101011
00010101000
10101010001
00000110000
01010110011
10111001110
00010010101
01000011101
10100011101
00100101010
00001000110
00111001010
10110111100
10111000011
11010110001
11100101110
00100010110
01110010001
00110110001
01010110101
11110000101
01101000000
00100010000
11101001000
10001011010
10101011100
10000001101
11001010001
10000111110
00000100111
00000111011
10011011100
11100010001
11100010000
00110101100
00110100011
11011011001
11010000010
01011000101
00011010010
11101000011
11100110111
01010100001
01100010111
10000101101
00110101111
10000100010
00000000001
00001001001
11111010100
11010001110
01001001010
11100001100
10010011111
11010100000
10110100010
10010000100
10010110110
11100100100
00111000001
01010111001
10001001000
01010001100
11010101101
11100111100
00000001110
11000010100
01000101010
01011000000
01010111110
10001001011
