01000110010
01111110000
00101001110
01100000110
01000100100
01101010011
01101011100
00000011100
00110011000
10010111001
11011101010
11000110111
00011011000
10010001001
00110000100
00011000111
00010011011
11111101100
10101111010
01100101001
01000011010
00100000010
00100110101
00101000101
01000000011
11001000110
11000011011
10001000100
11111100111
11000001001
00100011001
01111110101
00101011011
10000000101
01100101101
01111011111
10000010010
00110010100
00010001010
01001010010
10101100110
11000111000
11101101010
00110111110
10010010000
11011001111
01001010100
10010101011
00010101000
00000110000
00010010101
10111110111
01000011101
11101111111
00100101010
10101010110
01111010110
00001000110
00111001010
11111101001
00100010110
10111111110
11011110010
00110110001
01101000000
00100010000
10001011010
10101101001
10000001101
11001010001
10000111110
00000100111
00000111011
10011011100
00110101100
00110100011
10111100000
01111100011
10111111001
01011100110
00011010010
11101001101
01100010111
10000101101
00110101111
10000100010
00000000001
00001001001
01011111001
01001001010
10010011111
10010000100
10010110110
00111000001
10001001000
00000001110
11000010100
11101110000
01000101010
11101011110
01011111100
10001001011
