01000110010
10011110101
01001001101
01111110000
00001100000
10001101111
01111001000
01110111000
00101001110
01100000110
00101110100
11110100010
01110100100
01000100100
10100100100
01010010110
01101010011
01101011100
00011110100
00000011100
11110101111
00110011000
11011010011
10010111001
01110001011
10110000000
11011101010
11000110111
00011011000
00111011101
01010101111
00001101000
10111011000
10010001001
00110000100
00011000111
00010011011
11111101100
10101111010
01001111111
01100101001
01000011010
01101111010
00100000010
00100110101
00101000101
10100001111
00011111110
10101000000
01110001101
01000000011
11001000110
11110111101
10110010111
11000011011
10001000100
11111100111
11000001001
00101110011
00101111101
01001110001
00100011001
01111110101
00101011011
11001111100
10001010111
11010010001
10000000101
01100101101
01111011111
01110110010
01101101111
01101100010
10000010010
00110010100
01001110110
10110010011
00010001010
00011101101
01001010010
11010010111
10100100001
10101100110
11001100101
11000111000
10100001000
11101101010
10111001001
00110111110
10010010000
11100111011
11110011010
10110100111
01001010100
10010101011
00010101000
10101010001
00000110000
01010110011
10111001110
00010010101
10111110111
01000011101
11101111111
10100011101
00100101010
10011100011
10011101100
10101010110
01111010110
00001000110
00111001010
10110111100
11111101001
10111000011
10001110001
11010110001
11100101110
00100010110
10111111110
01110010001
00101101100
11011110010
00001110111
01101100101
00110110001
01010110101
11110000101
01101000000
00100010000
11101001000
10001011010
10101011100
10101101001
10000001101
11001010001
10000111110
00000100111
00000111011
10011011100
11100010001
11100010000
00110101100
00110100011
00111100110
11011011001
10111100000
11010000010
00111111011
01111100011
10111111001
01011100110
00011010010
11101001101
11101000011
11100110111
01010100001
01100010111
10000101101
00110101111
10000100010
00000000001
00001001001
11111010100
01011111001
11010001110
01001001010
10011110000
11100001100
10010011111
11010100000
01001101011
10110100010
10010000100
10010110110
11100100100
00111000001
00001111001
01010111001
10001001000
01010001100
11010101101
11100111100
00000001110
11000010100
11101110000
01000101010
11101011110
01011111100
01011000000
01010111110
10001001011
