0011101000
0001001110
0001110110
1110000010
1110000001
1101111110
1101111111
1100101111
0000111000
0011101010
1111011001
0000100110
1101100111
0010011000
1110001111
0000100100
0000111110
1100100011
1010100011
0010000110
1111011011
0000110001
0001001011
1100111011
1110001001
0010011011
1100100000
1100111000
1101111101
1100100110
0010000011
1101010100
0101101100
0101100010
0000001100
0000000011
0001000101
0010110100
0011000101
1010110000
1100110011
1010110001
1100111100
0001111010
0000101101
1100010000
0000001110
1111101101
0000011011
0011011101
0011011100
0001011001
1100010110
0000000010
1101010001
0101101001
0101101000
0001000001
0001000000
0001111101
0001111100
0001110011
1100000101
1100110111
0010010111
0000100111
0011010000
0001100000
1010100100
1101010111
0101101011
0000111001
0010010010
1100110100
0010010001
1111101010
0000111011
0001100110
0000001000
1100011101
1101011111
1111111000
1111100100
0011110110
0000011100
1100000000
0001010101
1100000010
0001010100
0011001000
0101100101
0001101110
1111111110
0011110101
0000010000
1100000111
0001010111
1101000101
0001100011
1100011001
0001101101
1101011010
0000101011
1111001010
0010100000
1111100001
1110111010
1101000110
0011011011
0010110011
0000000101
0010111101
0011000110
0010100111
0011011010
0011000111
0011110000
0000011111
1100001100
1100001110
0001010010
1110101101
0010111110
1110010110
0010001101
1111010100
0011111001
1101000011
1111001100
1111001101
0010001111
1110010000
0011111111
1110111001
1100001011
1100001010
1101001110
1111000000
1110100110
1110011100
1110010011
0011101100
0011100010
1111110010
0010101010
0000010110
1101001000
1111000111
0011100001
1110011111
0010001010
1111011101
0011001001
0010101001
0101110000
1101101110
0011001011
1111110111
1111110110
1100101001
