10100010
11100101
01100100
00101100
00100010
00000000
01111111
10000010
10001100
00000010
01010010
11010010
10101110
10101111
00100000
00001101
10011010
00110100
11111011
11000100
10000000
11100000
11011111
00101000
10011000
10000101
01001000
01111011
11001010
01001010
10110000
00010101
00001000
01100010
11100010
10101011
10110101
01111001
10011101
01010100
00001010
00101101
11101111
11010000
01010101
10010010
00111101
01001100
01000010
11001101
11110100
01110101
00010000
10111111
11101001
01101000
00101010
10100100
01101100
01101101
01000000
11001000
00011100
00111000
10001010
00011101
01011011
11101011
11010101
00000100
11110010
01110000
10010101
10111011
10001000
10010100
00100101
11011001
00011010
11111110
01000101
11000010
10111001
00110010
01011110
01101010
