01100100
00101100
00100011
00100010
00000001
00000000
10000001
01111111
10000010
10001100
10000011
00000010
10101110
10101111
00100000
00001101
00000011
10000111
10011010
00110100
11111011
11000100
10000000
00100111
11011111
00101000
01100001
10011000
10000101
01001000
01111011
11001010
01001010
00010101
10000110
00001000
01100010
10101011
01100111
01111001
00010110
10010011
00010111
10011101
00001010
00101101
11101111
10010010
00110011
00111101
01001100
01000011
01000010
11001101
00010000
10111111
10010001
11101001
01101000
00101010
01101100
01101101
01000000
11001000
00011100
00010011
00111000
10001010
00011101
10010111
01011011
11101011
00100110
00000100
00110111
01000110
01000111
11000111
10010101
10111011
10001000
10010100
00100101
11011001
00000111
00000110
00011010
00110001
11111110
01000101
11000001
11000010
10111001
00110010
01011110
01101010
