01001000011
00110010010
10101110000
11100000111
01111001001
01110100111
01111110001
11001110111
11010011111
10001101110
10111010001
00011011010
01111001000
11101010011
11000111110
10011001101
11011101111
10010111110
00011000010
10000010111
00110010000
01010101011
00111010111
10111010010
00010110111
10111101000
01110111110
11110101101
00001111011
01101101001
00011110100
00101001101
10110000111
10100111110
11000001010
01000111000
00000010011
10101110101
01000001110
01000001111
00000011101
11000110000
10010001110
11001001011
00010111111
10110011010
00111100010
11111111011
00110101001
00111100011
01010011110
11011010010
00100001000
11011010011
10010111001
00101001011
10100110010
11011101010
01000111011
01111100110
01000001001
11110101000
01011101100
00110011111
00010111100
00010110011
00011011001
01110100001
00111101110
11111110101
00111010010
00001101001
00111011101
01010101110
11010011000
01011010111
00010000001
01111111000
01101011000
01110111011
00011000111
01001001110
10110001101
11101101100
10111000110
11111100011
00001010000
11100101011
10101111011
10110010100
00101011110
01111011010
11011000100
00010111010
11001111001
10100101001
00011101011
00101100110
01101011011
01001111110
01110001110
01110001111
11111100010
01100001001
00101111111
01000000011
00001010110
11001000110
01100101010
10110010111
11000011011
00101100100
10101100011
11110110010
11001011111
11110001011
10100000011
01110001100
01000110101
10011001011
00101111100
00001010101
01001110001
11001000001
10111110100
01110111101
00100011001
11001110011
11000100000
01100100011
11111001111
10100101100
01110011101
11010010001
00011101110
00100000111
00100110001
11110000010
00101000001
01110000000
11000001000
01000110111
11111100100
10101001111
00100011011
11001001101
10000011100
00010001011
01000011001
01001011100
10011101001
11000100111
11001011010
11011010101
00100111101
10000110101
11001100101
00100110010
01110110000
10110110101
10110111001
01010001010
10111001000
01111101011
01011001101
00100010010
01101110000
01001101111
10100011111
11101001010
11101111101
11000011101
00101010101
00011100000
00101101000
00010101000
10011101111
01100100111
10000001011
10101101010
11011001110
11111011101
11111011100
10000111100
00111001111
10001110110
00111110001
00010010101
00100011110
10010011100
00110001010
11110000001
01101001110
11100111000
11010100110
01001100011
01101110111
00110100101
00110100100
01110011010
01110010011
10110100000
00010101011
00100000101
11110011001
11001010100
10000001001
11011000010
10000110001
11111011110
10110111100
10111000011
11101100111
10011111011
11001100010
00001011111
10111111110
11110110100
11000101011
11011111100
10001011001
00011100101
11111000101
10010101111
01111010100
00000110100
11100010101
11111010111
10111100101
10001000111
01010110110
01010110101
00101111010
11000000100
11101100000
11111101111
10001110011
10011111000
11110000100
10100011000
01101111101
11110110111
00101010110
00100101111
10001011010
01110010111
11101111010
10010101100
10101011100
10101101001
11111010000
11010111100
11010110011
00110110110
00111111000
11010001101
00001001010
10010011011
00000111011
11100110001
01110101000
01000101101
10011011101
11100010000
10111011011
11011111000
00110000011
01011111110
01011111111
00001110010
00010011000
10100110111
00111000101
00001111101
10011111101
11100001110
10000111010
00011010011
11010101001
00011011100
11101001100
10010100111
10000101101
11100010011
00000000000
00010000100
10010000011
10010110101
01111101101
10110001000
00111000110
10011110000
00111110011
01011000111
00110111010
11100001101
11100111111
01001101011
11101110110
11000010110
10110100011
00000001101
11010111010
11100100101
00000101100
00000100010
11101011001
00001111000
01010111001
10001001000
00111000000
00111111111
01100110100
01010000011
10011110111
00000100001
01001101000
00001100111
00000001110
10110101110
11000010101
01100011100
01011011001
11011001000
01101010111
01011110010
00001001100
00110001111
10111101101
10010110000
11011100001
00111001100
