00110010010
11100000111
11001110111
11010011111
00011011010
11101010011
11000111110
11011101111
00011000010
00110010000
00111010111
00010110111
11110101101
00001111011
00011110100
00101001101
11000001010
00000010011
00000011101
11000110000
11001001011
00010111111
00111100010
11111111011
00110101001
00111100011
11011010010
00100001000
11011010011
00101001011
11011101010
11110101000
00110011111
00010111100
00010110011
00011011001
00111101110
11111110101
00111010010
00001101001
00111011101
11010011000
00010000001
00011000111
11101101100
11111100011
00001010000
11100101011
00101011110
11011000100
00010111010
11001111001
00011101011
00101100110
11111100010
00101111111
00001010110
11001000110
11000011011
00101100100
11110110010
11001011111
11110001011
00101111100
00001010101
11001000001
00100011001
11001110011
11000100000
11111001111
11010010001
00011101110
00100000111
00100110001
11110000010
00101000001
11000001000
11111100100
00100011011
11001001101
00010001011
11000100111
11001011010
11011010101
00100111101
11001100101
00100110010
00100010010
11101001010
11101111101
11000011101
00101010101
00011100000
00101101000
00010101000
11011001110
11111011101
11111011100
00111001111
00111110001
00010010101
00100011110
00110001010
11110000001
11100111000
11010100110
00110100101
00110100100
00010101011
00100000101
11110011001
11001010100
11011000010
11111011110
11101100111
11001100010
00001011111
11110110100
11000101011
11011111100
00011100101
11111000101
00000110100
11100010101
11111010111
00101111010
11000000100
11111101111
11110000100
11110110111
00101010110
00100101111
11101111010
11111010000
11010111100
11010110011
00110110110
00111111000
11010001101
00001001010
00000111011
11100110001
11100010000
11011111000
00110000011
00001110010
00010011000
00111000101
00001111101
11100001110
01011100110
00011010011
11010101001
00011011100
11101001100
11100010011
00000000000
00010000100
00111000110
00111110011
00110111010
11100001101
11100111111
11101110110
11000010110
00000001101
11010111010
11100100101
00000101100
00000100010
11101011001
00001111000
00111000000
00111111111
00000100001
00001100111
00000001110
11000010101
11011001000
00001001100
00110001111
00111001100
