01001000011
00110010010
10000010000
10101110000
01111110001
01101010000
00011011010
11000111110
11011101111
10010111110
00011000010
10000010111
00110010000
00010110111
10111101000
10011000000
11000001010
01000111000
00000010011
10101110101
01000001110
01000001111
00000011101
11000110000
10010001110
11001001011
00010111111
11111111011
00110101001
00100001000
10010111001
00101001011
11011101010
01000111011
01111100110
01000001001
01011101100
00110011111
00010111100
00010110011
00011011001
11111110101
00111010010
01011010111
00010000001
01111111000
01101011000
00011000111
01001001110
11101101100
11111100011
00001010000
10101111011
00010111010
01101011011
11111100010
01100001001
01000000011
11001000110
01100101010
11000011011
10101100011
01000110101
10011001011
00001010101
11001000001
10111110100
00100011001
11000100000
01100100011
11111001111
00100000111
00100110001
01000000100
01000000101
00101000001
11000001000
01000110111
11111100100
10101001111
00100011011
10000011100
00010001011
01000011001
01001011100
11000100111
11001011010
00100111101
10000110101
00100110010
01111101011
01011001101
00100010010
01100100110
11101111101
11000011101
00101010101
00010101000
01100100111
10000001011
10101101010
11111011101
10000111100
00010010101
00100011110
10010011100
00110001010
01101001110
00110100101
00110100100
00010101011
00100000101
01000010010
11001010100
10000001001
10000110001
11111011110
11101100111
01101000010
10111111110
11000101011
11011111100
10001011001
10010101111
00000110100
11111010111
10111100101
10001000111
11000000100
11101100000
11111101111
10010010110
00100101111
10000100110
10001011010
11101111010
10010101100
10010100010
10101101001
01100100100
10000000010
00110110110
00001001010
10010011011
00000111011
01000101101
11011111000
00110000011
01011111110
01011111111
00010011000
00111000101
10000111010
01101000101
01011100110
00011010011
00011011100
10010100111
10000101101
01100010110
00000000000
00010000100
10010000011
10010110101
01111101101
00111000110
00110111010
11101110110
01100010001
11000010110
00000001101
00000101100
00000100010
10010000101
10001001000
00111000000
01100110100
00000100001
00000001110
11000010101
01100011100
01011110010
00001001100
00110001111
10111101101
10010110000
11011100001
00111001100
