01001000011
00110010010
10000010000
10101110000
11100000111
01111110001
01010010000
01101010000
00011011010
11011101111
00011000010
00110010000
10111101000
10110000111
10011000000
11000001010
00000010011
10101110101
01000001110
10010001110
11001001011
10110011010
11111111011
00100001000
00101001011
01010000101
11011101010
01111100110
01000001001
01011101100
00011011001
11111110101
00111010010
11010011000
01011010111
00010000001
01111111000
01101011000
00011000111
01001001110
11101101100
11111100011
00001010000
10101111011
10110010100
01101011011
01110001110
11111100010
01100001001
01000000011
11001000110
11000011011
10101100011
11110001011
10100000011
01110001100
10011001011
00001010101
11001000001
10111110100
00100011001
11111001111
11010010001
00100000111
11110000010
01000000100
01000000101
00101000001
01110000000
11000001000
11111100100
10101001111
00100011011
10000011100
00010001011
01000011001
01001011100
11001011010
01010001010
01111101011
01011001101
00100010010
11101111101
00101010101
10000001011
10101101010
11111011101
00010010101
10010011100
00110001010
11110000001
01101001110
01110011010
01110010011
00100000101
01000010010
11110011001
11001010100
10000001001
11111011110
11101100111
01101000010
10111111110
11011111100
10001011001
11100010101
11111010111
10111100101
10001000111
11000000100
11101100000
11111101111
11110000100
10100011000
10001011010
11101111010
10101101001
10000000010
10100000110
00001001010
10010011011
10100010101
11100010000
11011111000
00110000011
01011111110
01011111111
00010011000
00111000101
01010000110
11100001110
01101000101
01011100110
00011010011
00011011100
11100010011
00000000000
00010000100
10010000011
01111101101
10110001000
00111000110
11101110110
01100010001
10010000101
10001001000
00111000000
01010000011
00000001110
11000010101
01100011100
01011110010
00001001100
10111101101
11011100001
00111001100
