100110101010
010110101111
010000100111
101110111101
000010011101
101110111011
011110110101
010000111110
001110001101
001000001001
001010101110
001010010001
010110111110
010011010100
000000000001
000000011011
011100000101
001010000110
011101000110
000100101111
011000010100
011110010100
001000010101
001100011011
001011010111
001100000111
000110110101
000100111011
010110110011
011110000110
011011010101
100110011000
001010101011
100110011111
001111010100
101110101101
011111000100
011010010111
001100001001
010100100111
000010001010
010010000110
000110101100
000100001101
001001000111
000110010110
001110111101
000100001110
000110101001
000011000101
010100110110
000110010011
000010110000
000000110111
000110110010
010101010101
101110000001
011101010111
111110110010
000000111101
000100101010
000110011010
000111000110
000000100100
010111000111
000010111011
011000101110
000110000001
011010110110
000010100101
000000000110
000001010100
100110110110
010001000100
001010110100
000100010100
000111010111
000010111100
110110110001
000010110001
001100110010
011000111111
001110100111
001000110001
001000111111
000100010001
010000010101
100110100100
011000110010
010000010110
000010100010
