100110101010
100011011000
010011010011
010000100001
100011000100
010110101111
010000100010
011001011110
010001001010
010000100111
101110111101
010011011110
000010011101
100000101011
101110111011
011110110101
100010111100
100010110011
010000111110
001011001010
001110001101
100011101011
001000001001
001000001000
001010101110
100000010001
010111001001
001011001101
001010010001
011111001011
011100011000
010110111110
100100000000
010011010100
011011101101
010001001101
011011110011
000000000001
010000101000
000000011011
100011100000
100010101101
011100000101
001011011000
100101110100
001010000000
011100001010
001010000110
001101000001
011101000110
000100101111
100111001101
100111001100
011000010100
011110010100
100001011101
011010000011
011100000011
010111110100
001000010101
001100011011
011010011011
001011010111
011110010011
010101100010
001101011100
100011101110
001100000111
011011101010
011110010000
100001010111
000110110101
000100111011
010110110011
011110000110
100000011110
011010011100
011011010101
001101001011
100110011000
100110000101
001010101011
100101001001
100110000110
100110011111
001111010100
011111010010
011111011101
101110101101
010100111101
100111010010
011111000100
011010010111
100010010111
011001011011
001100001001
010101110011
001101001110
010101111100
100001011010
010100100111
000010001010
001001010000
001110011110
001000011110
100000001100
001011100100
100101000000
001001010011
010010000110
100111101111
010001111101
011000000000
011000001111
100100110011
100001111111
000110101100
000100001101
100010000011
001011111111
001001000111
000110010110
001110111101
001111001100
001011100000
011101111000
100101001110
010010001101
000100001110
100111010101
100111100001
001111000000
100100111001
011101111110
000110101001
001110111000
000011000101
010100110110
100001101000
001001000011
000110010011
001001101110
000010110000
000000110111
010111101000
011011001000
001111001010
011010111001
010011110111
000110110010
010101010101
001100010010
101110000001
011101110001
010001101110
100011110011
011101010111
011011000001
111110110010
011010100000
001001101010
000000111101
000100101010
000110011010
001011110010
000111000110
100101011110
000000100100
010111111001
001001101001
010111100001
011011001110
100010001001
011101011101
010001111010
010111000111
011110101011
000010111011
011000101110
001000100010
011000101101
000110000001
100100010111
011001100101
011010110110
010110001100
011111101111
000010100101
010001010001
000000000110
001111111011
011111100110
010011110000
001100111100
100101100111
010010111000
000001010100
010010100100
010011100110
100110110110
010001000100
001010110100
100100100010
001001111100
010000011000
011100111001
000100010100
010110011001
000111010111
000010111100
001101110111
110110110001
000010110001
010110000001
010110000000
001111100101
011001100011
100100100001
001100110010
011000111111
001101101011
100000100100
001111110001
001110100111
010100011111
100111111100
001100100100
001000110001
001000111111
011110100010
011110101100
000100010001
011001110100
010011100010
010100001011
011110100001
100000111010
010000010101
100110100100
010011101011
011000110010
011101101111
010101000000
010000010110
100000100111
010101011010
100001110010
001101111010
000010100010
001101100000
011101101001
