100110101010
100011011000
010000100001
100011000100
111101101010
010110101111
010000100010
011001011110
110111101000
010001001010
111010010011
000111111010
111111110011
110111100011
000101011001
010000100111
101110111101
010011011110
110100110000
101001000100
101100011101
111111111111
000010011101
100000101011
101110111011
011110110101
101100000100
101011100110
100010111100
100010110011
010000111110
111010101000
101011010110
001011001010
001110001101
100011101011
110001101001
001000001001
001000001000
101111000010
101111011001
001010101110
101000111000
100000010001
111010000101
010111001001
110100101100
111000011010
001011001101
111110001111
001010010001
011111001011
111111100000
000001100001
011100011000
111001111100
111000011001
010110111110
101110010100
110101010010
100100000000
111110001001
010011010100
000101101100
111101100001
101100101000
000001111000
011011101101
010001001101
101110010111
000111111101
011011110011
000000000001
110100111010
010000101000
101011101000
101110010000
000000011011
100011100000
110101011000
100010101101
011100000101
001011011000
101100001011
110101000001
100101110100
101101001111
101000010110
101010110000
000101100101
110111000011
011100001010
001010000110
001101000001
011101000110
111111010001
110000001101
000100101111
100111001101
100111001100
011000010100
011110010100
100001011101
111000101011
011010000011
011100000011
010111110100
111010110111
001000010101
001100011011
011010011011
001011010111
011110010011
010101100010
001101011100
110000000010
100011101110
001100000111
111000011100
011011101010
111110010110
110001000100
111001100010
011110010000
101101000101
100001010111
000110110101
000100111011
111101000010
111101001100
010110110011
110111011111
011110000110
111100001110
100000011110
011010011100
101111100110
011011010101
110010011111
101110101110
101000100000
110111011000
000011011001
101111111010
001101001011
100110011000
100110000101
001010101011
110001001011
100101001001
100110000110
100110011111
001111010100
011111010010
011111011101
101110101101
111010101111
101000100011
101000101101
010100111101
111011111010
011111000100
011010010111
100010010111
101111101101
101111100011
011001011011
101011110101
110010010000
000011001100
101110101010
000101110000
001100001001
010101110011
111100010011
111011111001
001101001110
000011001000
010101111100
100001011010
111101010000
110000001001
010100100111
000010001010
001001010000
001110011110
110110001010
111011100111
101001101111
001000011110
100000001100
000101110110
111100011111
001011100100
111000110011
100101000000
001001010011
010010000110
100111101111
010001111101
110011011001
011000000000
011000001111
111011010100
111110111010
100100110011
111000110000
100001111111
111011101100
000110101100
000100001101
110101110111
000001001111
100010000011
001011111111
111111001101
110110011101
001001000111
101010011101
101111111100
000110010110
001110111101
001111001100
111001001000
001011100000
011101111000
100101001110
110011001110
010010001101
000100001110
111110100010
110110101011
100111010101
100111100001
111111001010
101101010011
000011010010
100100111001
011101111110
110011000001
110011000010
101000001110
000110101001
001110111000
000011000101
000111001011
010100110110
100001101000
001001000011
000110010011
111001010010
001001101110
000010110000
110010111010
101000000111
000000110111
101001110001
010111101000
011011001000
001111001010
011010111001
110100011011
010011110111
101101011000
000110110010
010101010101
001100010010
101110000001
110100000111
011101110001
110011001000
010001101110
100011110011
110000011100
011101010111
111110111100
011011000001
111110110010
101001110110
011010100000
001001101010
000000111101
000100101010
000001000010
111000100110
110110010100
000110011010
001011110010
000111000110
100101011110
000000100100
111001011111
010111111001
001001101001
111111011110
010111100001
111001000111
011011001110
100010001001
101101111001
011101011101
010001111010
010111000111
110101010100
011110101011
110101101110
000010111011
101100111110
011000101110
101011000001
000111011111
001000100010
011000101101
000110000001
100100010111
011001100101
011010110110
010110001100
011111101111
110110100101
000010100101
110000110101
010001010001
000000000110
001111111011
110100010110
111100111101
101011011011
011111100110
010011110000
001100111100
100101100111
110011100100
010010111000
000001010100
101011001111
111100100001
010010100100
110100000100
010011100110
100110110110
111100100010
110101111011
000101001000
000011110101
010001000100
001010110100
110010100001
100100100010
110101010111
001001111100
110101101101
010000011000
011100111001
000100010100
010110011001
000111010111
000010111100
001101110111
000001100011
110110110001
111101100100
110011111101
000010110001
001111100101
011001100011
100100100001
001100110010
110010100110
101010011000
011000111111
001101101011
100000100100
001111110001
001110100111
010100011111
101001001010
110001110000
000011101100
100111111100
001100100100
110000111011
101011011100
001000110001
000101000011
001000111111
011110100010
011110101100
000100010001
011001110100
101001001001
111010001100
010011100010
110001110011
110011110110
101100110101
010100001011
011110100001
100000111010
010000010101
110001100101
100110100100
010011101011
101010000010
011000110010
011101101111
101010011010
010101000000
110000101111
010000010110
100000100111
110111100110
010101011010
000011100111
110001111001
100001110010
001101111010
111100110111
000010100010
001101100000
111101110100
011101101001
