100011011000
010011010011
010000100001
100011000100
010000100010
010001001010
101110111101
010011011110
000010011101
100000101011
101110111011
011110110101
100010111100
100010110011
001011001010
100011101011
001000001000
100000010001
010111001001
001011001101
100100000000
010001001101
000000000001
010000101000
000000011011
100011100000
100010101101
011100000101
001011011000
100101110100
001010000000
001101000001
011101000110
000100101111
100111001101
100111001100
011000010100
011110010100
100001011101
010111110100
010101100010
001101011100
100011101110
100001010111
000110110101
000100111011
011110000110
100000011110
011011010101
001101001011
100110000101
100101001001
100110000110
101110101101
010100111101
100111010010
011111000100
011010010111
100010010111
010101110011
001101001110
010101111100
100001011010
000010001010
001001010000
001110011110
001000011110
100000001100
001011100100
100101000000
001001010011
100111101111
010001111101
100100110011
100001111111
000110101100
000100001101
100010000011
001011111111
000110010110
001111001100
001011100000
100101001110
010010001101
000100001110
100111010101
100111100001
001111000000
100100111001
000110101001
001110111000
000011000101
100001101000
001001000011
000110010011
001001101110
000010110000
000000110111
010111101000
001111001010
010011110111
000110110010
001100010010
101110000001
010001101110
100011110011
011101010111
111110110010
001001101010
000000111101
000100101010
000110011010
001011110010
000111000110
100101011110
000000100100
010111111001
001001101001
010111100001
100010001001
010001111010
000010111011
011000101110
001000100010
000110000001
100100010111
011010110110
010110001100
000010100101
010001010001
000000000110
001111111011
010011110000
001100111100
100101100111
010010111000
000001010100
010010100100
010011100110
100100100010
001001111100
010000011000
000100010100
010110011001
000111010111
000010111100
001101110111
110110110001
000010110001
010110000001
010110000000
001111100101
100100100001
011000111111
001101101011
100000100100
001111110001
010100011111
100111111100
001100100100
000100010001
010011100010
010100001011
100000111010
010011101011
011000110010
010101000000
100000100111
010101011010
100001110010
001101111010
000010100010
001101100000
