110101000011
011100010111
111101101001
000110101111
101100011110
000110010100
101011101111
111001110100
101001011111
100001101100
101101010001
100011010000
101110100001
101100101010
011101010100
100110101000
110001101001
111011010000
100101001101
001010101110
101000111000
100011110110
100001001011
110010001111
111010101011
110001101010
100011101001
000010010111
111001111110
000110010011
101001110011
110100011010
010010010110
110101100111
111110110000
000110001011
010101010101
100101110000
000001000101
010011000110
110100100010
100011100011
111001011001
101101001010
001000101001
111000001111
000000000000
000000111101
011100110111
110100001100
101110110101
101010001000
111101110111
000000011110
001100110100
101000010000
011101000111
101011001101
111100111101
101001100000
111010100100
110011100000
110000000001
101011001110
000100100111
011000010110
110011111000
100101111001
110110110111
100001010001
111101110010
011010110111
111101011010
001011010100
000010110001
110001011111
001110000101
000100010010
111100000011
000100111100
000000101010
001000111110
100001110101
000101010111
100110111010
111100000000
000100111111
111011111010
011000110000
110010010010
101010000010
000101000110
001000000110
001000010011
011010010101
001110011101
110000001010
110010011100
001110110110
