110111010100
110101000011
111101101001
000110101111
111010010111
101100011110
000110010100
110100110001
100000010100
101011101111
100010001100
111001110100
101001011111
100001101100
101010010011
101101010001
110110000101
110010111110
100011010000
101110100001
101100101010
100110101000
110001101001
111011010000
100100111001
100101001101
001010101110
101000111000
100011110110
100001001011
110010001111
111010101011
110001101010
100011101001
000010010111
111001111110
000110010011
101001110011
101100101111
110100011010
011001101111
110101100111
111110110000
000110001011
100101110000
100100011011
100100100100
110100100010
100011100011
001111101111
111001011001
101101001010
001000101001
111000001111
000000000000
000000111101
011011111110
111001000100
111000100111
011100110111
101111010111
100010101101
110100001100
101110110101
101100100011
100010111011
101000011101
010011111111
101010001000
111101110111
000000011110
001100110100
101000010000
110000110101
101011001101
100100010001
111011000111
111100111101
101001100000
111010100100
110011100000
011111100111
110000000001
101011001110
000100100111
111111101110
000001101111
110011111000
100101111001
110110110111
100001010001
111101110010
011010110111
110101010110
001001100110
111101011010
000010110001
101101000100
010101101110
000011110111
110001011111
001110000101
101010011001
110000100110
000100010010
111100000011
000100111100
000000101010
001000111110
101100110110
100001110101
100110111010
111100000000
100110000110
000100111111
110011010101
111011111010
011000110000
100000000111
110010010010
101010000010
100000110010
101010100101
001000010011
001110011101
110000001010
110010011100
001110110110
