101010010111
100100110000
000010000110
110101000010
110000001000
001110101111
000010111001
110011111010
000100000011
101010101000
101011011011
001110110010
101010011101
110011000011
110110000101
100011010000
101101110000
110100011110
111101110011
011010110111
101101011101
101001111110
110000110000
101001000010
100011110101
100101001100
110011111101
000000010010
010110110011
001000110011
100110011011
101100000001
100011001001
111000100011
100001101011
100100100110
110110110101
000010110100
100010111110
111010001111
111001000100
110101011001
000100011111
101111010110
101100001010
111011100101
111101101111
111000111101
100011001111
110000010111
000110001100
101000101001
