101010010111
100100110000
000010000110
110101000010
110000001000
010001111100
000101111111
001110101111
000010111001
011101000111
110011111010
010100101101
000100000011
101010101000
101011011011
001110110010
000001010101
101010011101
011001100010
000111100010
110011000011
110110000101
010100101011
010010100110
000111100001
100011010000
101101110000
110100011110
110110101011
111101110011
011010110111
101101011101
101001111110
110000110000
101001000010
100011110101
100101001100
011100010100
110011111101
111111111010
000000010010
010110110011
001000110011
010101110001
100110011011
101100000001
010111010110
100011001001
111000100011
100001101011
011011101110
100100100110
001000010110
011011110000
110110110101
101111100001
000010110100
100010111110
001100111000
111110111100
010101111110
111010001111
101111101100
111001000100
110101011001
000100011111
101111010110
101100001010
111011100101
111101101111
010110101100
111000111101
100011001111
110000010111
000110001100
011010111011
011101101000
101000101001
