101010010111
100100110000
000010000110
110101000010
110000001000
001110101111
011101000111
110011111010
101010101000
101011011011
001110110010
000001010101
101010011101
110011000011
110110000101
010010100110
100011010000
101101110000
110100011110
111101110011
011010110111
101101011101
101001111110
110000110000
101001000010
100011110101
100101001100
011100010100
110011111101
010110110011
001000110011
101100000001
010111010110
100011001001
111000100011
100001101011
100100100110
001000010110
110110110101
000010110100
100010111110
111010001111
111001000100
110101011001
101111010110
101100001010
111011100101
111101101111
111000111101
100011001111
110000010111
101000101001
