10101001001000
10010110010011
01110001101101
11100110000101
10100010111111
11000001100111
01101111001011
11001000001010
11101110111011
00010010110111
00111001110000
01110001010101
11110001010100
01101100011001
00101011100010
01100010110010
01101110100000
00010011010011
01001111110100
10101100011011
01101001001101
00001000001001
00101110110010
00101001000110
10100000011001
10010101110011
10101100001110
11001010011101
01110001101010
01101000100111
10111001110101
00010100001010
01011011100011
01111010010000
10111010001111
11100000000000
10101011010011
11011100010010
00001000000011
01110011110000
11100010100111
11111010001001
00000111110001
00101110010101
01001110000110
11001001111101
00100001001001
01000101010111
10011110110000
01110001110011
01100101111111
11011011010010
00100010100000
11110100011101
11010100001111
11101101110111
00001010100110
10101010110100
11010000011011
11110010001000
10000111100100
10000010011010
10101111000111
00001111100111
01001101100110
01001010101010
00101000110110
00110011100111
10111010011111
01111010001110
00000111110111
00001000101000
01101110101110
01010100011011
10100000010111
10111010010011
01010011101101
01010000000010
11100010010010
01111011110111
00111000011101
10101010111001
00111001010101
10101001101011
01011000010101
10111000000101
01110001000000
01110001000001
11000110001001
11001111010101
10010110111100
00111001101111
11001000010100
11111010100011
10011101110110
01110010101010
10011110011100
11001111101001
10100011010101
01011000101001
10010111110010
11111100010111
10110001000010
11011010111011
11001011110000
11000001000001
10101101001110
11101101111101
10010110100011
01001001110001
11010011010110
11101100100001
00011000010110
10011110011001
01001101011101
11001111100010
01101100110110
01011000100011
01011010100110
00000011000011
00000111001001
11001100001101
11001100000011
00001110011001
10110011011011
00010010001011
11010001001001
10101101010101
11111001101110
11100011111011
00101001100101
10100011000111
10101011101101
10100111000001
11110100001110
10001001011100
01001010100101
11010010000111
01011100011001
10010000111110
00110011010110
11000010010001
00101110101101
00101110100011
01110100000110
01001101010100
01000000001101
11001011100001
11000001001111
11101001110010
00101010110001
10011110001010
00011001011111
11011011101111
01110000010001
10100011110110
00101101101011
01001110110000
00000000100011
00100101000011
00001100010111
01111000111101
11101111111101
11001000110111
10111100000000
01101010010111
00111011101010
11010011110101
10110010111011
11111000100101
00001111001110
00111000100110
01001001010011
00101111111111
11100111011111
00001000110001
01101010010100
01101000001110
00101101010010
10101010000000
00110100001001
11110010101101
00000010110101
00001111011111
01101001110110
11111000110010
00100100100101
10010101000111
01101000000010
01110011011111
00100001111011
00101101010000
10101111100010
01001110111101
00100001100000
00110000011111
01111100000011
11111011000001
01000011001101
10010100110101
11110011011001
00010001110110
00100010011001
01111011111001
10010101000100
00001001001111
01100111100101
01001101001011
00011010111011
00010001101111
01001111010001
11111011000010
00100101011101
10111001000011
00000000010010
11100111101111
00100010000001
10111000101001
11010001010111
01101010011011
00011010000000
10100011100001
11011001100000
00000000011111
01000100010001
11101010001011
01011000000001
01001100111111
11011001111011
01100001110100
10010011100100
01000011100110
01100100101011
01110001001111
01000010111111
00100101010111
10100100100101
10010111101010
01000011000000
01100111010011
11001001000110
10101110001101
01001100001110
01011000000111
10101000000011
01000011011011
10011100111000
11100001111001
00100010001110
11001110100101
01001011101000
01101000010001
10001100100100
00010001000101
01011011011001
01100010010101
00111011001000
00110100010010
11101110000110
00111010001011
11101001010000
00010010100010
10110011101001
01100111000001
10101101110001
11010000111111
01010000110000
00001011000001
00001001111101
11000010100011
01100001000011
01100110001111
10100100010000
10110000100010
11101000010111
11110001100101
11100101100011
11100000110001
11100110110001
11000101010001
00111011001011
10110100011011
00110000100001
00111010001101
10011111100001
00000111101011
11010010100000
11000001101010
01101101000101
10000110000110
00101110001000
11000111110011
01010011110101
10110010110001
01011001001010
11001011001011
01001011010110
00000011110001
00110010110110
11100011001010
10110011111101
00000100000111
10100000101111
01101100001000
11101001011111
01011010001101
01101011101001
11110000110111
01000100101001
10010111011101
01010000100001
