11111100110100
10001101101000
01001101101100
10101001001000
10011001001101
10001010101011
11011100000100
10010110010011
01110001101101
11100110000101
10100010111111
00010000101100
01011110110010
00011111000010
11000001100111
11111111111010
11110100100010
00011001011000
11110101001011
01101111001011
11001000001010
11101110111011
00010010110111
00111001110000
00011110100100
01110001010101
11110001010100
01101100011001
00101011100010
01100010110010
01101110100000
00010011010011
11111101011100
01001111110100
00000001100100
01001101111010
00110101001100
10101100011011
10011011010100
01101001001101
00001000001001
11000100110110
00101110110010
10011000100111
00101001000110
10100000011001
01111111111000
10101100001110
11001010011101
01110001101010
11101000101100
01101000100111
10010011001000
10111001110101
10000001110010
00010100001010
11101011000100
01000001111000
01011011100011
01111010010000
10111010001111
00111101011001
11100000000000
10101011010011
11011100010010
00001000000011
01110011110000
11100010100111
01011100101100
11111010001001
00000111110001
00101110010101
10111101101000
10011100001111
01001110000110
11001001111101
00100001001001
01000101010111
10011110110000
01110111100110
00110100110100
01110001110011
01100101111111
01100000011110
10010100000001
11011011010010
00100010100000
00011110101111
10001101100101
01111110001010
11110100011101
11010100001111
11101101110111
00001010100110
10101010110100
10110110111111
10111111101110
01011000111110
11010000011011
11110010001000
01110010000100
10000111100100
10110110100100
10100101100000
10000010011010
10101111000111
00001111100111
01001101100110
01001010101010
00010111001110
00101000110110
00011100000100
00110011100111
00001010011010
11011111001100
01011111000111
00000101100010
00100110101010
10111010011111
11000100111010
00100011011000
11111101000110
11101011111000
01111010001110
00111111110101
00000111110111
11000101000000
10110111010000
00001000101000
01101110101110
01010100011011
00011011111100
10100000010111
10000010000101
10111010010011
11010101101101
00111110000111
01010011101101
01010000000010
11100010010010
01111011110111
00111000011101
10100111001010
10101010111001
00111001010101
10101001101011
10011000010001
01011000010101
10111000000101
00100011101100
11001010111100
01110001000000
01110001000001
00001101011010
11000110001001
11001111010101
00000110110100
11100101010010
01111011001100
10010110111100
11001110011000
00111001101111
11001000010100
10111010101100
11111010100011
10101111011100
01110010101010
01000111011010
10011110011100
11011110010011
11001111101001
10100011010101
01011000101001
11010000001100
11011111011111
01010111000100
10010111110010
11111100010111
11010111000001
10001101000001
10110001000010
11011010111011
11001011110000
00011101000110
11011000011110
10001111010000
11000001000001
10101101001110
11101101111101
10010110100011
11111011100100
01111101110001
01001001110001
11010011010110
01010001011100
11101100100001
10001000010010
11101101100100
00011000010110
10011110011001
01001101011101
00011110010110
11001111100010
01101100110110
01011000100011
01011010100110
00000011000011
00101001111110
00000111001001
11001100001101
11001100000011
00010101111100
01111100101011
00100000000100
01000110011110
10100110001000
00001110011001
11001101011110
10110011011011
00010010001011
11111111101111
01010110000001
11010001001001
10101101010101
11111001101110
11100011111011
00101001100101
10100011000111
10101011101101
10100111000001
11110100001110
10001001011100
10011011011111
01001010100101
11010010000111
01011100011001
10010000111110
01010110001101
00110011010110
11000010010001
10110011001100
00101110101101
00101110100011
01110100000110
11100101001100
01001101010100
11100011101100
01000000001101
11001011100001
11000001001111
00110001011010
11101001110010
01111110110111
01000101001010
00110111011011
00101010110001
01000000011000
10101010111010
10111101011010
10011110001010
00011001011111
11011011101111
01110000010001
01011101010101
00100111010100
10100011110110
00101101101011
01001110110000
00000000100011
10000011011011
00100101000011
10000000101000
00001100010111
10110000011100
10110101110011
00000100001100
01111000111101
10001011101110
11101111111101
11001000110111
10111100000000
01101010010111
00011101101001
00010100110111
00111011101010
11010101000010
11010011110101
00111100011110
10110010111011
10110110000011
01100111101100
11111000100101
00001111001110
00111000100110
01001001010011
10100100100010
00101111111111
01010111101000
01110101111110
01010100110100
11100111011111
00001000110001
10010001111001
01101010010100
01101000001110
00100100111010
00101101010010
10101010000000
00110100001001
11011111110100
11010101011010
01000110100000
11110010101101
00000010110101
00001111011111
00111110111000
01101001110110
11111000110010
00100100100101
01110110011100
01110110010010
11011101100011
11010100110011
01101000000010
01110011011111
00100001111011
00101101010000
10101111100010
01001110111101
01010010011010
01111110100001
00100001100000
00110000011111
10100111011110
01111100000011
11110101110000
11111011000001
01000011001101
10010100110101
11110011011001
00010001110110
00100010011001
01111011111001
10010101000100
00001001001111
01011111100101
11110110001010
01100111100101
01001101001011
00011010111011
11011010001100
00010001101111
01001111010001
10111111001001
11111011000010
00100101011101
01010111101011
10000001001110
10111001000011
01100111011000
00000000010010
00000110011100
11100111101111
00100010000001
10111000101001
11010001010111
01101010011011
00011010000000
10100011100001
11011001100000
00111111000100
10011010101001
00000000011111
01000100010001
11101010001011
11110010111100
01011000000001
01001100111111
10110101100111
11000110010100
11011001111011
01100001110100
10010011100100
01000011100110
01100100101011
01110001001111
01010101011111
01000010111111
00100101010111
00000110000010
10100100100101
10010111101010
01000011000000
10010010001110
11100010011110
01100111010011
11001001000110
10101110001101
01001100001110
01011000000111
10101000000011
11111110010100
01000011011011
00111111010010
10011100111000
11100001111001
00100010001110
01110110111001
11001110100101
01001011101000
10110110011110
10000111001101
01101000010001
10110101011101
10001100100100
00010001000101
10001001100010
01111000011100
11011100111001
10001010110011
01011011011001
01100010010101
00111011001000
00110100010010
01010101101110
11101110000110
10011000101010
00111010001011
11101001010000
01010110110011
00010010100010
10011011110111
10110011101001
01100111000001
00001010001100
00000011111010
00111100111011
10101101110001
11010000111111
01010000110000
00101100111100
10011010100110
00001011000001
00001001111101
01010101111001
10100001111100
11111111010001
11000010100011
01100001000011
10110101101010
01100110001111
11010100011000
10100100010000
10110000100010
11101000010111
11110001100101
00011111111010
10010010010000
11100101100011
10000001011111
11100110111100
11100000110001
11100110110001
01110101100000
11000101010001
00011101110011
00111011001011
10110100011011
10111100111110
00110000100001
00111010001101
00000111101011
10000100011011
11010010100000
11000001101010
11000000100100
10001111111011
00010101010000
01010110100111
00010010111000
00011100100000
01101101000101
10000110000110
00101110001000
01111101001101
01111101000010
11010011111110
11000111111100
11000111110011
00110110101101
11111001011000
00110111100001
01010011110101
10110010110001
01011001001010
11011110110101
00100000111000
11001011001011
01110100110111
01001011010110
10001010110101
10001000111011
00000011110001
10110101010110
10100111111000
00110010110110
11100011001010
01111111011110
01111000011010
11110100101000
10110011111101
11110111110111
00000100000111
10100000101111
01101100001000
10000001010100
11101001011111
11000110101110
01011010001101
01101011101001
10111100100101
11110000110111
01000100101001
00010110010101
00100101101110
00101011011100
01010000100001
