00001011100110
11101011001000
01010111100011
00101011000011
10001110100101
01110010001011
11001101001110
11010111110110
00111001010101
00001100010111
11110000100110
00010001000111
01000110000011
00110110011001
10100111010111
10001001100000
01110101111101
11101001001111
00111101101011
10001011011010
01000110101010
01010110110010
10111100010100
10100010111101
10001010111110
11110001110000
11101101111011
00100110011100
00100001011011
11000011001101
00111100000010
11001000110100
01001101000101
00110111101110
01011001000010
00001010010111
10011010010100
00100011110100
11011000011111
11101110010110
11000111101001
00001000110010
01100000101110
10011111011100
11000001110111
01100100011010
00000101110011
11010110001111
01011011101100
10001100100011
00100111001000
00110111010000
00011110001010
01001111110000
11111111011100
10001001010110
11000000000000
00101100011110
11100100101000
10010100000010
10011101010000
11011010100011
01010010111111
11100011111001
10101110001011
11001111111011
10100001111001
01101111100111
01111001111010
00110010100011
00111011111011
11110100010011
01111100001111
00100100100001
00101010001100
10010011101010
00101101101100
10111001101111
11110111100010
00001111111111
10110000001100
10100000110111
01101000100001
01000011010101
11000010011011
10001101011001
10111000010010
00000011000110
11010100001001
00000011110001
00111000000110
11000010010000
00011001110101
10111110100000
01000101011100
01100100000101
11100100111101
11110011000001
01010001011011
01110010101000
01101010011000
10011010000111
00001010000001
00111110110110
11100110010000
00010000111000
10111100111001
11111101000111
10111111001101
01111101001001
11111010000100
01001000101001
11110011011110
10100101000010
01011110110001
00010110010101
01111101010110
11010001101000
01010100100100
00010000001001
11011011010001
