00001011100110
10010100111110
01010111100011
00101011000011
01110010001011
00111001010101
00001100010111
00010001000111
01000110000011
00110110011001
01110101111101
00111101101011
10001011011010
01000110101010
01010110110010
10001010111110
00100110011100
00100001011011
00111100000010
01001101000101
00110111101110
01011001000010
00001010010111
00100011110100
00001000110010
01100000101110
10011111011100
01100100011010
00000101110011
01011011101100
00100111001000
00110111010000
01001111110000
00101100011110
10011101010000
01010010111111
10000110101100
01101111100111
10010101100101
01111001111010
00110010100011
00111011111011
01111100001111
00100100100001
00101010001100
00101101101100
00001111111111
01101000100001
01000011010101
00000011000110
00000011110001
00111000000110
00011001110101
01000101011100
01100100000101
01010001011011
01110010101000
01101010011000
00001010000001
00111110110110
01111101001001
01001000101001
01011110110001
01111101010110
01010100100100
00010000001001
