100110101010
100011011000
100011000100
111101101010
111010010011
101110111101
110100110000
101001000100
101100011101
000010011101
100000101011
101110111011
011110110101
101100000100
101011100110
100010111100
100010110011
111010101000
101011010110
001110001101
100011101011
110001101001
001000001001
101000111000
100000010001
111010000101
110100101100
111000011010
001010010001
111001111100
111000011001
101110010100
110101010010
100100000000
111101100001
101100101000
101110010111
000000000001
110100111010
101011101000
000000011011
100011100000
110101011000
100010101101
101100001011
110101000001
100101110100
101101001111
101000010110
101010110000
110000001101
000100101111
100001011101
111000101011
111010110111
001000010101
001100011011
110000000010
100011101110
001100000111
111000011100
111110010110
110001000100
111001100010
101101000101
100001010111
000110110101
000100111011
111101000010
111101001100
010110110011
111100001110
100000011110
110010011111
101110101110
101000100000
100110011000
100110000101
001010101011
110001001011
100101001001
100110000110
100110011111
101110101101
111010101111
101000100011
101000101101
111011111010
100010010111
101011110101
110010010000
001100001001
111100010011
111011111001
100001011010
111101010000
110000001001
000010001010
111011100111
101001101111
100000001100
111100011111
111000110011
100101000000
110011011001
111011010100
100100110011
111000110000
100001111111
111011101100
000110101100
000100001101
110101110111
100010000011
101010011101
000110010110
001110111101
111001001000
100101001110
110011001110
000100001110
100111010101
101101010011
100100111001
110011000001
110011000010
101000001110
000110101001
010100110110
100001101000
000110010011
111001010010
000010110000
110010111010
101000000111
000000110111
101001110001
110100011011
101101011000
000110110010
101110000001
110100000111
110011001000
100011110011
110000011100
111110110010
101001110110
000000111101
000100101010
111000100110
110110010100
000110011010
100101011110
000000100100
111001011111
111001000111
100010001001
101101111001
110101010100
110101101110
000010111011
101100111110
101011000001
000110000001
100100010111
011010110110
000010100101
110000110101
000000000110
110100010110
111100111101
101011011011
100101100111
110011100100
101011001111
111100100001
110100000100
100110110110
111100100010
110101111011
001010110100
110010100001
100100100010
110101010111
110101101101
000100010100
000010111100
110110110001
111101100100
110011111101
000010110001
100100100001
001100110010
110010100110
101010011000
100000100100
001110100111
101001001010
110001110000
110000111011
101011011100
001000110001
001000111111
000100010001
101001001001
111010001100
110001110011
110011110110
101100110101
100000111010
110001100101
100110100100
101010000010
011000110010
101010011010
110000101111
100000100111
110001111001
100001110010
111100110111
000010100010
111101110100
