100110101010
100011011000
111101101010
010110101111
111010010011
010000100111
101110111101
000010011101
101110111011
011110110101
101011100110
010000111110
111010101000
001110001101
100011101011
110001101001
001000001001
001010101110
101000111000
110100101100
111000011010
001010010001
111001111100
111000011001
010110111110
110101010010
010011010100
111101100001
101100101000
000000000001
110100111010
101011101000
000000011011
100011100000
110101011000
011100000101
110101000001
100101110100
101101001111
001010000110
011101000110
110000001101
000100101111
011000010100
011110010100
100001011101
111000101011
001000010101
001100011011
001011010111
110000000010
100011101110
001100000111
111000011100
111001100010
000110110101
000100111011
111101000010
111101001100
010110110011
011110000110
111100001110
011011010101
110010011111
101000100000
100110011000
001010101011
110001001011
100101001001
100110011111
001111010100
101110101101
111011111010
011111000100
011010010111
101011110101
110010010000
001100001001
111100010011
111011111001
100001011010
111101010000
110000001001
010100100111
000010001010
111011100111
101001101111
111100011111
100101000000
010010000110
110011011001
100001111111
111011101100
000110101100
000100001101
110101110111
001001000111
000110010110
001110111101
111001001000
100101001110
110011001110
000100001110
101101010011
110011000001
110011000010
101000001110
000110101001
000011000101
010100110110
100001101000
000110010011
111001010010
000010110000
110010111010
000000110111
101001110001
110100011011
101101011000
000110110010
010101010101
101110000001
110011001000
100011110011
110000011100
011101010111
111110110010
101001110110
000000111101
000100101010
000110011010
000111000110
100101011110
000000100100
111001011111
101101111001
010111000111
110101101110
000010111011
011000101110
101011000001
000110000001
011010110110
000010100101
000000000110
111100111101
101011011011
100101100111
110011100100
000001010100
101011001111
111100100001
100110110110
111100100010
110101111011
010001000100
001010110100
110010100001
110101101101
000100010100
000111010111
000010111100
110110110001
111101100100
110011111101
000010110001
001100110010
101010011000
011000111111
001110100111
101001001010
110001110000
110000111011
101011011100
001000110001
001000111111
000100010001
101001001001
111010001100
110001110011
110011110110
010000010101
110001100101
100110100100
101010000010
011000110010
101010011010
010000010110
110001111001
100001110010
000010100010
111101110100
