111111110000
101100010010
001000000000
110111010101
100011000101
111000001010
110100111100
111000001011
110101000011
010110101111
101011100010
100011000110
110111101000
111010011100
101100010001
101100010000
000111111110
111111110011
000111111111
110111010110
000101011000
000101011001
100011000111
111000001000
011100010000
011100010001
101110111011
100110011110
011110110100
000101011010
000010001100
001010101000
000111100000
100110011101
100110011100
001011001011
110001101000
101001011000
001110000010
001011001010
110001101001
011100100010
101111011001
101110111000
101000111000
101011100001
101111011011
011100100001
101111011010
001011001001
111010011111
111010011110
110100100011
110101011111
110101011110
100010100101
100100000110
100101110011
000001100010
100011001001
100011001000
111101111001
110001010111
110100100001
110100100000
110101011100
011001101011
110101011101
111110001001
111110001000
111000000110
101100001110
111000000101
111000000100
100101110000
110110110100
110110110101
100011001011
011001101001
010001001101
010001001100
111101111011
101001010100
010111001101
011011100010
101001010101
011011111101
101000110100
011100010010
001010011000
111110000111
101100100000
101100100001
000001111111
000001111110
010001001111
011111101011
010111001111
111001110010
100100000101
101111010111
010000101101
011011111111
010000101100
101110110110
000101101010
101000110111
010110101101
110101000000
110101000001
010000101110
001010011011
110001010101
000001111101
000001111100
111001110000
111001110001
110001010100
111010110010
011101000000
111010110011
101010110000
101111101000
100011111011
111001101110
000101100100
110001011000
010011001011
001100001000
100111001101
101111101011
100001010011
101101000001
110010010111
101101000000
110010010110
111110000100
110001011010
111101001000
110001011011
111101001001
010011001000
010011001001
011100001100
000100111010
011100001101
101001100101
110000000000
111111101110
111111101111
011010011001
100111001111
011010011010
011011010000
100001010000
001101011100
011011010001
110000000010
101001100111
000100111000
101001100110
011100001111
011101000011
111010110001
111010110000
000101100110
001101011111
010101101110
000100111011
010110110010
111100010100
010101110001
110010011000
101011111100
110110000000
101111100101
001110011111
101111100111
111100001100
100110000000
111100001101
111010101100
111101000100
111101000101
100001001101
110010011011
101011111111
001010101010
110110000011
000010001110
001010101011
000010001101
101001101010
100001001110
000011000001
000011000000
100111010011
111101000110
100111010010
001110000000
001100001011
110111011011
001101000010
001000011111
100010010111
101001101001
000011000011
100000000000
010100111010
010100111011
010101110011
010101110010
100000000001
100110000001
001000011100
101010110011
001110011101
001110011100
111011100111
111011100110
100010010101
011001011000
011001011001
100110000010
011111011001
011111011000
100000000011
010100111001
110011010000
111110111000
111110111001
010101011001
100101000000
001001010010
110011000110
101000001000
110101110101
110101110100
101010101010
001110110000
100001100000
010010011000
111001011011
011101111011
011101111010
101110001010
101110001011
101101101111
010001100100
111000110111
010111100100
110101110110
000001001110
001110110010
100001100011
001111001100
011010101011
110110000101
101110001000
011101111001
000110101011
111011101010
111000110100
111000110101
100111100000
100001100001
100111010100
100111100001
101101011100
111011010001
100011110101
100101000011
110110000110
100011110100
000110101000
100011110110
111011101000
000100001000
000000101000
001011111011
100111100011
100111100010
001011110101
101101011111
000110011100
111111011001
011010100100
101000000111
111111011010
000100001011
010111101000
111110110100
001011110110
000111001100
001001001110
001001001111
000110011111
001111001111
011011001001
001001100010
111000111011
110011001000
110101111001
001001100001
110101111000
111110110111
101101110011
000111001110
111000111000
110100001110
101110000110
001100010000
110100001111
011101110111
010001100110
101101101100
000001001100
011101011111
011101011110
100101011110
100100110110
000110100101
110100001100
011101110100
100011111000
101000000100
011101011101
100101011100
010011111111
011111101100
110010101001
010011111110
001001111111
001111100000
000011110010
111011001100
000001010001
010001010011
011000101111
001000101100
110110110011
100110110010
000110000000
110100010001
000011110001
000011110000
010110000010
000000011110
011111101111
000001010010
001111100010
001110101111
010001010000
000111010010
101011001101
001000101111
100100010000
100110110000
111100111101
111100111100
100000110000
001111100001
000000011101
011110101110
101101110010
010000011111
000010111110
000111010001
001110101101
000111010000
101011001111
001111111111
001101110100
110000110011
001101110101
110011111000
010001101010
010001101001
010001101000
111100100010
110111110001
000010111101
010000000011
110111110000
101101110000
010010111111
111101111101
100101100101
010011111100
001001111101
000010111100
110000110000
001111111100
001101110111
101100111100
110110110010
110110110000
110110110001
010010100000
010111101011
010000000000
010110000001
011001101100
111101111111
111101111110
110010100110
110110101101
111011010011
010110011111
010110011110
111010000000
100111111110
011111110010
100111111100
010011100011
110001110001
001101101001
101011010010
001100111011
101011010011
110010100101
001101101000
011110101100
010000011100
010110011100
010110011101
000011101101
000011101110
110001110010
010111010000
010011100001
010111010001
010100001010
001100111000
101011010000
100000110001
011001110011
101010000011
110011110101
100001111110
100000110011
010100001001
100101101011
111011001110
011110110011
001101111001
010101011011
011111110000
101010000000
101010000001
100101101000
110000101101
110110101100
000010011001
110001100001
100110101010
101111001111
000101011110
011110110000
011110110001
011111000001
001101111011
110111101111
010011010010
001010100010
000111100101
101000110001
100110010110
010100001101
001101100111
011011100100
110001100010
011011100101
001110001001
000010011011
000010011010
110001100011
110111101101
101110111101
101110111100
011111000010
101000110010
000111100110
000111100111
011001010010
100011000000
100110010101
001000011011
110111101110
001000011010
111001110101
001101100101
000001110110
101001011111
110111010000
101011010101
010101110101
100100000011
010000100101
110010001100
011001010000
011001010001
000001110101
101110100000
100010110010
101011010110
100110101001
110111010011
101111001100
111010000110
101001000010
111010000111
101001000011
101001000001
100001001011
110010001110
100011011101
100010110001
100010110000
100011011100
001010111100
001011001101
011011101001
010111001000
000101101111
111111100111
001010010010
011001101111
001011001110
000001111010
010010111110
010001011010
010000101001
000101101100
111111100100
000101101101
010000101011
000001111001
101100101000
010010111101
001011001100
101001011110
010110111000
110101011010
110100100110
101111010000
101111010001
100011000001
001000101001
111000001111
111000001110
111101101101
111101101100
100101110111
101011101000
010110111011
110100100100
001010111111
110101011001
110100100101
010011010001
111110000010
001000101010
111101101111
100101110100
101011101011
000110001101
111110000001
101110010010
001100001110
010101111010
111110011111
011100001001
100001000100
111111101010
001011010011
110111001100
001101011000
101001101101
011100001010
111101001110
010110110101
111101001111
001100001100
111110011101
111110011100
010101111000
000100101111
110001000001
111111101001
010100100011
010100100010
001011010000
001101011011
000101110010
100011101100
011010000011
010110110110
001100001111
100011101101
111001010110
111001111010
111001010111
111100001010
111010110111
111010110110
011110011101
111010110101
111100001001
111001111001
010011001110
100011101111
110001011101
011011101010
111001010101
110000011010
011000010000
110000011001
111101001100
110001011110
111000010000
100110011011
010010001011
010010001010
100110011010
011000010011
011010011101
011010011100
011010011110
100001001000
010100111111
110011010110
010100111110
110011010111
010101110110
100000000101
011001001101
111011110010
000011011001
000011011000
011101001001
011110011110
101011100100
101011100101
101110100011
111011110001
101110100010
100000000110
010100111101
101010100110
101010100111
110011010100
101000101100
111100010001
011110000011
110010010010
111010111000
111101010010
101111100010
111100000111
001111010010
110010010001
001000011000
011111011111
011111011110
000101110001
000101110000
101100010101
101010100100
111100010011
111100010010
011110000000
100001000111
111101010001
111010111010
110110001011
101001101111
100111011001
100111011000
101100010111
101010010110
110000101000
001110110111
101101010100
100100110000
011010101110
100100110001
100001111001
101101101001
000001001001
110000101010
101010010100
110000101011
101101010110
001011111101
000110100001
100101000110
100101000111
111011101101
000110100010
110010111100
100001111000
111001001100
100010000010
110110010010
001011111110
100111101001
111111000011
011101101101
010001111110
011101101100
011000001001
000000101101
000011011111
000011011110
001011100001
001011100000
010101010011
001001011001
110011001101
001001011010
000011101000
101000000010
111110101100
111110101101
010010001101
111001001111
000000101110
011000001011
101111111110
000011011101
001011100011
010101010000
001001011011
000011101011
101101101010
010010001111
101010100010
101111111101
001110111001
010011110101
111001010011
010111110001
101001110011
101110001100
101101100100
101110001101
011101110011
010001100011
100011110000
101101100110
101001110001
110000011110
110101111110
001111001011
001110111011
110100011010
111000100010
000110111101
110100011011
010011110110
101101011001
111001010000
010111110010
010111110011
011101110001
110011001111
011101110000
100011110011
110000011101
010111101111
010111101110
110000011100
001111001000
111000100001
101101011010
001010001111
000110011000
011011000001
011011000000
111110110010
001001101011
111111011101
111111011100
000100101001
000111011010
000111011011
100101000100
000100101011
010111101101
000100101010
100111101010
111110110001
001011111100
100111101011
010110001000
111101001011
111111000000
001010001100
010010010011
101000011110
000110011011
011011000011
001001101000
011010101101
111111011110
010001100000
110101111101
000110111111
010110001011
100101101101
010000011010
010000011011
100000110101
011110101010
011001111001
011001111000
111010001011
100000110110
100101101110
111101110111
010011111000
001111111001
001111111010
110100010110
101100100110
111011000111
110100010111
101100100111
110011100000
101011011011
011111101000
110010100011
011111100110
110010100010
001100111101
110101100001
110101100000
111011000110
010100010000
000001101111
110110110111
001111111000
111011000101
110010100000
110010100001
010010111010
110101010111
011110101001
111100111011
010000011001
111100111010
011001111011
001001100110
010100010010
010100010011
110011111110
110011111101
001001100100
110111110110
010010111001
101010011000
000100011100
011001110110
100001110111
000010101010
111100110101
110000100100
000101000011
001100111111
011111100101
101011010111
010101001111
100111100101
011000111001
111011001010
111011001011
001111110111
001111110110
011001110100
001100100000
001101111101
100001110100
100001110101
001000100100
000010101001
110000100111
100111100110
011000111010
000101000000
010011111011
110001100101
100110100100
010101001100
111011001000
001101111110
000011100100
110110111011
110100010100
001101100011
101011011001
011101101111
110100010101
100110100111
001110110101
001101100010
000100011111
110111111010
111010001001
000101011101
110111111001
111100110110
111100110111
010100001111
001101100000
011110100101
001110110110
111101110100
111010010001
111101010111
010000100001
010000100000
111101101010
110100110010
110101001101
110001111011
101011101100
010000100010
110010001001
101110100101
100010110111
100010110110
000001110000
111010010010
101100011110
111111111100
001010111010
100000100010
101111001001
100011011010
111101010100
101001000110
111101010101
110101001110
101001000101
110010001010
101011101110
101100011100
111111111111
000010011101
000010011100
001000001111
011100101110
010011011000
010011011001
100110010011
011100101101
010000111110
001000001101
101000100101
001110001100
001110001101
100011101010
010011011010
011111001001
101100000000
100000010001
011111001010
000111101101
100110010001
101110100110
010000111101
101000100110
001110001111
001110001110
100011101001
111000011010
011111001011
101100000011
101100000010
100101111100
100101111101
111001111100
111000011001
010001000001
101110010100
110101010010
011011101110
011011101111
011100000000
101111000110
000110001010
011011110000
011011110001
000000001010
000000001011
001101010001
001101010000
000000001001
101111000100
101111000101
111001111111
010001000010
010111000011
101110010111
000111110011
001010111001
001010111000
011011101100
011011110011
001011011010
010110100000
011100011100
010110100001
001011011001
011010001010
111101101000
001011011000
010110100011
011100011111
111110011010
000001110011
011010001001
011010001000
101000010110
101101001110
110000001111
111010111101
110001000111
110001000110
100111000000
101101001101
100001011111
101000101010
101000010101
111000010111
111000010110
101001111011
110000001100
111111010001
101001111010
100111000011
010101100000
100001011100
100001011101
111000101011
011100000011
011001001011
010111110100
011101001110
110111000111
001101010011
111001100000
010101100011
111000101000
111011110111
000101111011
111110010110
011001001000
010111110111
011101001100
111101011011
111111100010
110001000100
110001000101
010100101010
001100011001
010100101000
110111000100
001100011010
111111100001
011011011100
011001001010
111011110100
000101111000
010110111100
101111111000
111110010101
110010000101
110010000100
111101011000
010100100101
110001001000
110001001010
011110011000
111100000011
111010100011
100011010101
100010000100
101010100001
101111111010
110010000111
001011101001
001011101000
110001001011
110110001101
100101001001
111110101011
100101001010
110110001110
111100000001
111100000000
100011010110
100011010111
010001110101
010001110100
100111011100
111011111011
001101001101
010101111111
100001000001
110111001010
001011101010
011000011000
001110010000
011000011010
110111001001
100110001111
100001000010
100110001110
000011001101
101110101010
100111011111
110011011100
010101111101
111011111001
010101111100
101011110000
101010111100
001110010011
011110011011
100110001100
000011001111
101110101001
000101110111
000101110110
011000001100
111111001000
110011011010
111100011110
101111110110
010111111011
010111111010
001100101001
111110100101
000000111010
110010110111
001001011101
001001011100
110000010100
000000111001
111110100110
110000010101
101111110101
100111101111
101111110100
110011011001
011000001110
000100011010
011110001111
001100101010
001011100110
001001011110
001111011110
001011100101
001110111100
100001101100
001111000011
100101001111
001110111110
010001110111
001001000001
100001101111
001001000000
111111001011
101101010011
101010010001
101101010010
111001001010
000110010001
001111000001
100101001100
110010111001
111001001001
100010000110
100010000111
100111101100
110110011000
110110011001
110011011011
011101100111
011101100110
100001101101
001001000011
001010001011
110101100101
000110010010
110101100100
001001101110
110100000001
001100011110
110010111010
110010111011
001001101101
011010111000
100100100111
000111000010
100101010000
100101010001
111111000101
001010001000
001010001001
100100100110
110101100111
101101111110
110101100110
101000011010
001001101100
010000001110
110011101010
110011101011
100100100100
001111101110
000110111010
000001011111
101001110110
101101100001
101101100011
011011011011
000001000011
110110010100
000110111001
110011101001
001111101101
010001111001
010111111001
110100000010
000001000000
111001000111
110110010111
111000100100
011010111011
011101010011
010001111011
000111000001
011111100011
100011100111
111011000010
010001011100
101011000001
010001011101
110110111101
001000100010
010010101100
111011000001
010110001100
100011100100
010111000000
001111101100
110101101000
101011000010
011001111110
011000100011
000001101001
000111011100
000111011101
000001101011
101010001110
010010101110
111100110011
110101101010
000011111100
010110001110
000101001010
111101110001
010110001111
101110011000
101110011001
110100101001
010011110000
110101010000
001001110000
110011100100
110011100101
011001100010
001001110001
110000111101
001110100011
100101111010
100101111001
000001101000
111100101100
010000001101
010111011101
110100011111
011001100000
110011100110
011001100001
000101001000
000101001001
110100101011
111101110010
110100101010
010101001010
011111100000
010101001011
011100111000
010001011110
001111110011
001110100001
101100110011
011011110100
010111011110
010111011111
110100011100
110100011101
001000111100
010101001000
011000111111
111011011101
010000010000
010000010001
011100111011
001111110001
001111110000
101001001011
000011100001
011111111101
010011101101
000011100010
010011101100
110111111111
111011011110
101011011100
011101101011
001000111110
100110100011
011110100010
111011011111
010110010011
010100011001
010110010010
010100011000
000111101010
111010001101
111010001100
011111111110
110001111100
000111101001
110111111101
110111111100
011110100001
001000111101
101111001010
000100011001
110101101011
011110111111
010110010000
011000100000
011001111101
110001111111
000010101111
110111100010
111100110000
110000100001
110110100000
011101101010
110110100001
011000111100
011110111100
011110111101
110010110100
100110111101
100111110010
100111110001
100001110010
000010101100
101011011110
000111111000
011100101011
001010101100
010011011100
011011111010
011001011110
011001011111
011100101001
010001001010
111010010111
110001101101
011100101000
101110110010
110111100011
011111001100
011111001101
010011011111
010110101010
100000010100
010110101001
010100000000
010000111000
110001101110
100011010010
101111000000
101011111001
101011111000
110100110111
101100000110
101100000101
100000010111
101100000100
100000010110
110101001000
101001001101
110010000011
100011010001
111010101001
111010101000
111111111000
111010011000
110111011100
101111000010
101111000011
101011111010
101001001100
001010101111
110100110100
001010101110
101100000111
110101001011
111010101011
111010101010
111111111011
101001010001
001000001010
101111011111
111110001111
111110001110
011011110111
011100011001
010110100100
000000001111
011100011000
010011000000
101001010010
000111110100
000111110101
101111011101
001010011101
111001100100
000001100111
111001100101
110100111011
000101100011
111101100000
011100011011
111001100110
001010011110
110101000101
011100100100
101111011110
011100100101
001011000010
110001010000
110001010001
111000011111
111010010100
100011100011
111010010101
111111110101
100010100000
100010100001
101101001011
101100111010
101110110001
101110110000
000001100100
000001100101
110100111001
110100111000
111101100011
110101000110
100011001100
100100010011
100100010010
001011000000
111111110110
100010100010
101101001000
001110101010
100011001101
101100001010
111000000011
001011011111
111000000001
000000001100
011011111000
100011001110
000110000011
010001001001
001010000000
000011001010
111111010111
111111010110
001011011101
110111000010
100110001010
010101100111
011101011010
101001100011
101001100010
011010001111
101000010000
111110010011
011011011010
101010110110
010100101100
110111000001
111001101000
010100101101
111001101001
100110001001
111010100101
111010100100
101001100000
011101011000
000101111101
011010001100
111110010000
111001100111
101010110101
100111001000
000101100001
011110010010
101101000111
000110110110
110001010010
110001010011
111000011100
001100000010
111111010100
110000000111
100111001010
011110010001
100001010111
101001111101
111101000010
010011000010
110111011111
111011111110
110111011110
001101001001
100110000111
001011101111
101010111010
011000011101
000010001001
000010001000
110010011111
000100111100
001101001010
011111010000
101000100000
101000100001
001101001011
100110000101
100010010011
011000011111
011010010000
011010010010
001110011010
110010000000
011111010010
000100111110
101110101100
011111010011
101000100011
101000100010
011001000001
011110001101
101011110111
111101011100
110001001101
100111000101
100010010000
111001101011
101111101101
111011100000
001111011100
101011110101
111010100110
111100011101
100001011010
110000001001
000010001011
110001001110
001001010000
100111000110
101111101110
010101100101
110010011101
110000001011
100001011001
011000000010
100001100110
111001000010
001111011010
111000110011
110100001011
000110101110
000110101111
111000110001
001111011001
111001000001
111001000000
011110001011
011110001010
011101100001
100101011011
010001110010
011000000001
111111001110
111100011000
111011010100
010010000010
110100001000
010101011110
011111110101
000110101100
110010110011
111011100011
000100001101
111110100000
010010000001
111001000011
011110001000
111111001101
110011011110
011101100010
111100011011
101111110011
010101011100
100111111011
110011000011
100111111001
101000001100
111110100011
000100001110
101111110001
000111001001
110110011110
110110101011
110110011111
110110101010
000011010011
000011010010
110011000001
110011000000
110011000010
101000001110
010001110001
000111001011
101010101100
001111101011
111001011101
101101111000
000001011011
011011001111
101011001010
101001111100
011101111101
011101111100
010001101100
010101101001
111100101001
111100101000
010000001000
010000001001
111000101100
111000101101
000110110011
100001101010
010111111101
010111111100
101110000001
010001101111
010001101110
110000010010
110000010011
010101101011
000110110000
100101010110
001001001000
101000010010
101000010011
001011110001
010010011110
010010011111
010111111111
011010100001
011010100000
111111010010
100011111101
100011111111
010111100010
110000010000
110101110000
001011110010
001001001011
001001001010
001010000010
101101111011
111001011110
011011001101
000001011000
011010100010
000000111111
010111100001
110101110011
011011001110
110011101111
000000011000
000000011001
110101101111
000010111011
001110101000
111100100100
110000110110
010111011000
100100010111
011001100101
101101110101
110011101100
001001111000
001111100111
101110011110
011100111100
110000110101
000010111000
100110110111
100111110101
010111011010
010111011011
001001111010
011001100111
100101100010
110110100110
011100111110
011000101010
010110011010
100110110101
100110110100
010010100100
010010100101
011111111001
110100000100
110100000101
010011100110
010011100111
110001110100
100101010101
011010111100
001000111011
100100100010
110101101100
010110011001
101011001000
111100100111
101011001001
011000101000
010100011101
011111111011
100101111111
110001110110
111101100100
110011110011
111101100101
110001110111
101010001010
100100010100
101101110110
001111100100
101101110111
100100100001
000101001110
000011110111
000101001111
001001110100
100000100100
110111100100
110111100101
010100011110
110000111001
110011110010
110011110001
110000111011
110000111010
001001110111
001101110010
001110100100
101100110110
100110111010
100110111011
101010000101
110000111000
101100110100
101100110101
011110111010
111011011000
110110101000
111010011011
110110100111
010101000010
001101101110
101011000100
001100101100
011111110111
010011101010
010010101000
100110111000
100111110111
111011011010
000011111010
010101000001
100000100111
000101010010
110111100110
000101010011
110111100111
101011000111
001100101111
010011101000
110001111010
110001111000
010010101011
011000100101
000011111001
