101100010010
110111010101
100000101111
100100001001
100011000101
111000001010
110100111100
111000001011
110101000011
010110101111
101011100010
100011000110
100100001010
100100001011
111010011100
101100010001
101100010000
110111010110
001000000011
100011000111
111000001000
000100110101
100110101111
000010010011
101110111011
100110011110
001010010100
000010001100
100110011101
100110011100
010100000111
110001101000
101001011000
110001101001
001010010111
101000111000
101000111001
101011100001
011001010111
010100000100
111010011111
010100000101
111010011110
110100100011
110101011111
110101011110
100010100101
100100000110
011001010101
100101110011
100011001001
100011001000
011001010100
111101111001
110001010111
110100100001
000010010000
110100100000
110101011100
110101011101
101100001111
111000000110
101100001110
111000000101
111000000100
100101110000
100011001011
000010010010
111101111011
101001010100
101001010101
001010100110
101000110100
111110000111
101100100000
101100100001
010011000101
010011000100
001011000101
111001110010
100100000101
101111010111
101110110110
001010100101
110100111110
101000110111
110101000000
110101000001
010000101110
001010011011
110001010101
111001110000
111001110001
001011000110
110001010100
111010110010
111010110011
101010110000
100011111011
111001101110
110001011000
100010101000
100001010011
101101000001
110010010111
101101000000
110010010110
111110000100
110001011010
111101001000
110001011011
111101001001
100010101011
000100111010
101001100101
110000000000
100001010000
110000000010
101001100111
000100111000
101001100110
011111010100
001100000111
111010110001
111010110000
000100111011
011111010111
111100010100
011110000110
110010011000
101011111100
100000011110
001110011111
111100001100
100110000000
111100001101
001111010111
111010101100
111101000100
111101000101
011110000100
100001001101
110010011011
101011111111
001001010101
000010001110
001010101011
000010001101
101001101010
001111010101
100001001110
001111010100
111010101111
111101000110
001100001011
001000011111
001001010111
011010010111
011010010110
100010010111
101001101001
000100110111
100000000000
100000000001
100110000001
101010110011
001110011101
111011100111
111011100110
100010010101
100110000010
100000000011
110011010000
100101000000
110011000110
101000001000
110101110101
101000001001
110101110100
101010101010
100001100000
111001011011
101110001011
101101101111
111000110111
110101110110
011000000111
101010101001
100001100011
101010011101
100010011010
110110000101
000110101011
111011101010
111000110100
111000110101
011000000100
100001100001
100111010100
101101011100
111011010001
100100111001
100010011001
100011110101
100101000011
110110000110
100011110100
000110101000
100011110110
111011101000
100100111011
000100001000
000000101000
010100110111
101101011111
000110011100
010101010111
101000000111
000100001011
000110011111
010010010110
010101010101
111000111011
011010100111
010101010100
001100010011
110011001000
110101111001
110101111000
111110110111
101101110011
111000111000
110100001110
101110000110
110100001111
101101101100
100101011110
100100110110
000110100101
110100001100
100011111000
101000000100
000000100110
100101011100
110010101001
111011001100
011000101111
101100111110
101100111111
100110110010
000110000000
000010100000
110100010001
000000011110
001110101111
101011001101
001000101111
100100010000
100110110000
111100111101
111100111100
100000110000
000000011101
011110101110
101101110010
010010010101
010010010100
000010111110
001110101101
101011001111
110000110011
110011111000
111100100010
000010111101
101101110000
010010111111
111101111101
100101100101
000010111100
110000110000
101100111100
111101111111
111101111110
110010100110
001000110011
111011010011
111010000000
000101010100
110001110001
101011010010
110110101110
001100111011
101011010011
110010100101
000101010111
110001110010
101011010000
100000110001
101010000011
110011110101
100001111110
000100000100
100000110011
100101101011
110000101110
111011001110
101010000000
101010000001
000100000111
000010100011
100101101000
110000101101
000010011001
110001100001
100110101010
101110111111
101000110001
100110010110
110001100010
001110001001
000010011011
000010011010
110001100011
010000100111
101110111101
001010100001
101000110010
100011000000
100110010101
001000011011
111001110101
101001011111
101011010101
100100000011
110010001100
100010110010
101100101011
101011010110
100110101001
101100011011
111010000110
101001000010
111010000111
101001000011
101001000001
100001001011
110010001110
100011011101
100010110001
100010110000
100011011100
101100011001
000010010110
011100000110
001010010001
001101010110
001010010011
010010111110
101100101000
101001011110
110101011010
110100100110
100011000001
001000101001
111000001111
000000000010
111000001110
111101101101
111101101100
100101110111
100100011101
101011101000
110100100100
001010111111
110101011001
000010010101
110100100101
100010101100
100010101101
011100000101
111101101111
100101110100
101011101011
000110001101
001101010101
100100011111
100010101110
011011000100
100001000100
101001101101
111101001110
111101001111
011011000111
011101000111
000100101111
110001000001
100011101100
010110110110
001100001111
100011101101
111001010110
111001111010
111001010111
001000010100
111100001010
111010110111
111010110110
001000010101
111010110101
111100001001
111001111001
100000001010
100011101111
110001011101
111001010101
110000011010
000000110100
000000110101
110000011001
111101001100
110001011110
111000010000
001110000101
100110011011
100110011010
100010011111
100001001000
000100110011
010100111111
110011010110
010100111110
110011010111
001110000111
100000000101
111011110010
001000010110
100010011100
101011100100
101011100101
101110100011
111011110001
100000000110
101000101101
101010100110
101010100111
110011010100
101000101100
111100010001
110010010010
111010111000
111101010010
111100000111
110010010001
101100010101
101000101110
101010100100
111100010011
111100010010
100001000111
111101010001
111010111010
101001101111
000100110000
101100010111
101010010110
110000101000
001110110111
001111000110
101101010100
100100110000
011010101110
100100110001
100001111001
001100010101
101101101001
000100000001
110000101010
101010010100
110000101011
101101010110
001111000101
000110010101
000110010100
000110100001
100101000110
100101000111
111011101101
000110100010
110010111100
100001111000
000100000010
111001001100
100010000010
000000101101
110011001101
101000000010
111001001111
000000101110
101101101010
101010100010
001110111001
111001010011
101001110011
101101100100
101110001101
100011110000
101101100110
101001110001
000001000110
110000011110
110101111110
001110111011
110100011010
111000100010
000110111101
110100011011
101101011001
111001010000
000000110010
110011001111
100011110011
110000011101
000001000101
000000110000
110000011100
111000100001
101101011010
001010001111
000110011000
000100101001
011101000101
100101000100
000100101011
000100101010
111101001011
101000011111
101000011110
000110011011
111000111110
001100010110
110101111101
000110111111
101000011101
010111000110
100101101101
100000110101
111010001011
000000000100
000000000101
100000110110
100101101110
111101110111
000010100101
110100010110
101100100110
000010100111
111011000111
110100010111
000010100110
101100100111
110011100000
101011011011
110010100011
110010100010
001100111101
100100101110
110101100001
110101100000
111011000110
001000100111
110110110111
111011000101
010110000110
100100101101
110010100000
110010100001
100100101100
110101010111
010111000101
111100111011
111100111010
000111010111
000111010110
110011111110
110011111101
101010011000
000100011100
100001110111
000010101010
111100110101
011110100111
110000100100
001100111111
101011010111
111011001010
111011001011
100001110100
100001110101
000010101001
100000111011
010110000101
010110000100
100000111010
110000100111
010000010101
110001100101
100110100100
111011001000
010001010110
001100100011
110100010100
101011011001
110100010101
101010011011
100110100111
001110110101
011110100110
000100011111
010000010110
111010001001
111100110110
111100110111
001110110110
111101110100
111010010001
011001000100
111101010111
111101101010
110100110010
110101001101
110001111011
101011101100
110010001001
101110100101
100010110111
100010110110
111010010010
101100011110
100000100010
100011011010
111101010100
101001000110
111101010101
110101001110
101001000101
110010001010
101011101110
101100011101
101100011100
000010011101
000010011100
001000001111
011100101110
000010000001
100110010011
010000111110
001000001101
101000100101
001110001101
100011101010
101100000000
100000010001
100110010001
101110100110
101000100110
001110001111
100011101001
111000011010
100100011010
101100000011
101100000010
100101111100
100101111101
100100011000
100010111001
111001111100
111000011001
101110010100
110101010010
101111000110
000110001010
000000001010
000000001011
010011010101
000000001001
100100011011
101111000100
101111000101
111001111111
101110010111
001010111001
010011010111
111101101000
101100101101
100010111010
100000001101
101000010110
101101001110
110000001111
111010111101
110001000111
110001000110
011110010111
011110010110
101101001101
100001011111
101000101010
101000010101
100000001111
111000010111
101000101011
111000010110
001010000111
101001111011
110000001100
111010111111
101001111010
011000010101
011110010101
100001011100
100001011101
111000101011
001010000100
000100100110
000100100111
011000010110
110111000111
001011010111
111001100000
111000101000
111011110111
011010000101
111110010110
111101011011
110001000100
110001000101
001100011001
110111000100
001011010100
111011110100
011010000110
111110010101
001000010001
110010000101
110010000100
111101011000
110001001000
110001001010
111100000011
111010100011
100011010101
100010000100
101010100001
000100100101
110010000111
000100100100
110001001011
100101001001
100101001010
111100000001
111100000000
100011010110
100011010111
111011111011
100001000001
011111000100
101010111111
101010111110
100110001111
100001000010
100110001110
110011011100
111011111001
011001000110
101011110000
011111000111
101010111100
010100100111
001110010011
010100100110
100110001100
101110101001
100000001100
010101000110
110011011010
111100011110
001100101001
000000111010
110010110111
110000010100
000000111001
111110100110
110000010101
010010000111
110011011001
010101000101
000100011010
010101000100
100001101100
100101001111
001110111110
100001101111
101101010011
101010010001
101101010010
111001001010
000110010001
100101001100
110010111001
111001001001
100010000110
100010000111
110011011011
100001101101
001010001011
110101100101
101000011001
000110010010
110101100100
110100000001
110010111010
110010111011
000000110110
100100100111
100101010000
100101010001
111111000101
001010001001
100100100110
110101100111
101101111110
110101100110
101000011010
111100101111
111100101110
110011101010
110011101011
100100100100
000110111010
000011010101
000011010100
101001110110
101101100001
101101100011
110110010100
100010001011
000110111001
110011101001
011100110111
011100110110
110100000010
111001000111
010010000100
100010001000
110110010111
111000100100
100011100111
111011000010
101011000001
110110111110
111011000001
011010110110
100011100100
100100101000
110101101000
101011000010
010100010110
110110111111
101010001110
010010101110
101010001111
111100110011
110101101010
111101110001
101110011001
001010110111
110100101001
110101010000
110011100100
110011100101
000100010110
000100010111
110000111101
001110100011
100101111010
100101111001
111100101100
110100011111
110011100110
110100101011
000000010000
001010110101
111101110010
110100101010
000100010101
011010110111
001110100001
101100110011
000010110001
110100011100
110100011101
000000010011
000000010010
011000111111
111011011101
001100100110
101001001011
001100100101
111011011110
101011011100
001000111110
100110100011
111011011111
110000111111
111010001101
111010001100
110001111100
001000111101
000100011001
110101101011
011110111111
101010001101
110001111111
000010101111
111100110000
100000111100
110000100001
000101000110
110010110100
100110111101
100110111110
100001110010
000010101100
000101000101
100000111111
101011011110
000010000110
010110010101
011100010111
000010000101
111010010111
110001101101
101000111101
100000010100
110001101110
100000101011
100011010010
100100001100
101011111001
101011111000
110100110111
101000111111
101100000110
101100000101
100000010111
101100000100
100000010110
110101001000
101001001101
110010000011
100010111101
100011010001
111010101001
111010101000
111010011000
100000101000
100000101001
100100001111
101011111010
101001001100
001010101111
110100110100
001010101110
101100000111
011100010100
110101001011
000010000111
011100010101
111010101011
111010101010
101001010001
001010110011
000000001111
101001010010
001010011101
111001100100
111001100101
110100111011
111101100000
010110100111
111001100110
110101000101
100010111110
110001010000
110001010001
111000011111
111010010100
100011100011
111010010101
100010100000
100010100001
101101001011
101100111010
101110110001
101100001001
110100111001
110100111000
111101100011
110101000110
100011001100
100100010011
100100010010
100010100010
101101001000
100011001101
101100001010
111000000011
111000000001
000000001100
100011001110
000110000011
001010000001
001101000111
111111010111
111111010110
001110010101
100110001010
101001100011
101001100010
101000010000
101010110110
001110010110
111001101000
111001101001
100110001001
111010100101
111010100100
101001100000
111001100111
101010110101
101101000111
000110110110
110001010010
110001010011
111000011100
001101000100
111111010100
110000000111
000100100000
100001010111
101001111101
111000101111
111101000010
001100000001
111011111110
100110000111
101010111010
000010001001
000010001000
011011010101
110010011111
000011000111
000100111100
000011000110
101110101111
101110101110
101000100000
101000100001
100110000101
101010111001
100010010011
100000011000
011011010110
110010000000
000100111110
010000110111
101000100011
101000100010
101011110111
111101011100
110001001101
100111000101
100010010000
100000011011
100000011001
111001101011
111011100000
101011110101
111010100110
001000000110
111100011101
100001011010
110000001001
000010001011
110001001110
100111000110
110010011101
110000001011
100001011001
001000000101
100001100110
111001000010
111000110011
110100001011
000110101110
000110101111
111000110001
111001000001
111001000000
000000100000
100101011011
001001000100
111100011000
000000100001
111011010100
100100111101
100100111100
110100001000
000110101100
110010110011
111011100011
000100001101
111001000011
000000100011
100010001101
110011011110
001001000111
111100011011
110011000011
101000001100
000100001110
011101010101
110011000001
110011000000
110011000010
101000001110
101010101101
101010101100
111001011101
101101111000
101011001010
101001111100
111100101001
000010110111
111100101000
111000101100
111000101101
000110110011
100001101010
101110000001
000010110100
110000010010
110000010011
000110110000
011101010110
100101010110
001100000100
101000010010
101000010011
100011111101
100011111111
110000010000
110101110000
000111000111
111110111110
101101111011
111001011110
000000111111
110101110011
110011101111
000000011000
000000011001
110101101111
000010111011
111100100100
110000110110
101010001001
100100010111
010000000110
101101110101
110011101100
110010101111
110010101110
110000110101
000010111000
101100111001
100110110111
010000000100
010000000101
000110000111
000110000110
100101100010
110110100110
000111000100
000001010101
011100111110
100110110101
100110110100
110100000100
110100000101
010010100110
110001110100
000110000100
100101010101
010001000100
001000111011
110100101111
100100100010
001100110001
110101101100
000001010110
101011001000
111100100111
101011001001
100101111111
110001110110
111101100100
110011110011
111101100101
110001110111
101010001010
100100010100
101101110110
101101110111
100100100001
010001000111
100000100100
001110100111
110000111001
110011110010
010111010110
110011110001
110000111011
110000111010
000000010100
000100010001
101100110110
100110111010
100110111011
101010000101
110000111000
101100110100
101100110101
111011011000
000000010111
111010011011
001000110110
110110100111
101011000100
100110111000
111011011010
001000110101
100000100111
010110010111
011000100110
101011000111
001100101111
110001111010
110001111000
010111010100
001000110111
