011001000101
111101101011
110101001101
010110101111
110010001000
101100010000
111010010011
101100011110
111000001000
101011101111
100011011001
111010010000
101100011100
000010011101
001000001111
011100101110
101110111011
100110011110
001010010100
011110110101
000010000010
000010001100
010100000110
110001101000
000010011110
001110000011
111010011101
000010011111
110001101001
100011101010
100110010010
001010010111
000010000000
101000111000
101011100001
001110001111
010100000101
111010011111
101001011011
111101111010
100011101001
110100101100
110101011110
101110110100
100011001000
011001010100
010110111110
000010010000
111000011000
110100100000
000010010001
000110001010
000000001010
100101110001
000000001001
100011001011
000110001001
001010100111
001010011001
010011000101
010011000100
000000011011
110010101010
001011000101
110010101011
110101000000
101110110101
111001110000
010010110110
101100100010
101101001110
111010111100
111001101101
111001101110
100011111010
111001101111
101101000011
100001011111
110001011000
001010000110
101001111011
110000001100
101101000010
011000010101
011110010100
110000001110
100001011100
111101001000
001010000101
110000000000
000100100111
011000010110
001100011011
110000000010
111000101001
000100111000
111011110111
010110110001
001100000111
001100000110
001011010100
111001100011
101001100100
000100111011
011111010111
011110000111
011110000110
111101011001
101011111101
111100001110
101011110011
101000111010
110001001010
111010101101
111010100011
010000110001
000100100101
100001001101
110010011010
100001000011
111100000010
000100100100
000010001111
001010101011
000010001110
100101001001
111100000000
110010011001
111011111010
111011111011
011111000101
100110001101
100001000000
011111000100
001001010110
011010010111
101001101000
100001000010
100110001110
000100110110
101110101011
111011111001
100110000001
001000010011
101010111100
111011100101
111011100111
111010100000
101110101001
101000101000
111100011110
001100101001
000000111001
010010000111
010100110101
001110110000
110011011000
100001100000
000100011010
010101000100
111001011011
001100101011
101101101111
011000000110
001110111101
101101010001
100101001110
000110101010
111011101011
001110111111
011000000100
100001101110
111001001010
111011010001
100101000011
100101001100
100011110110
110010111001
000110101001
111011101000
111011010010
110011011011
010100110110
001010001011
000110011100
101101011111
000110010011
110101100100
000110011101
100011110111
110100000001
000100001011
111110110100
100101010001
000110011110
110101100110
101000011010
111000111010
010101010101
011010100110
111100101101
001100011101
111110110111
110011101011
101101111100
101101111101
000011010101
011100110100
101101100001
100101011110
000110111000
011100110111
110100001100
000110100101
110100000011
010010000101
010010000100
111000100100
100101010010
100011100110
011010110101
011000101111
101011000000
100110110001
110110110011
000110000001
111011000001
000010100000
100011100101
001100110101
110101101001
101011000011
001110101110
101011001101
001000101110
101010001110
010010101111
111101110001
101110011001
001010110111
000000011101
110101010001
101101110010
011110101111
000100010110
010010010101
010010010100
000010111110
001110101101
101011001110
111100100001
110000111101
110000111100
001110100011
100101111001
111100100010
110101111011
110100011111
101101110000
110011100110
110100101011
111101110011
110100101010
001010110100
100101100101
000100010101
000010111100
000010110010
110110110000
000010110001
110100010011
111101111111
001000110011
100110100001
100110100000
011000111111
111011010011
111011011100
001100100110
101001001010
000000101010
101011010010
001000110001
100110101100
110010100100
101001001001
001000111101
011000110000
100001111100
100001110011
100001111101
111010001110
110001111111
101010000010
000010101110
110000100001
011000110010
100101101010
000101000111
101011011101
011110110011
100110111101
100001110000
000010101101
111011001101
100101101000
100110101011
011110110000
000010000101
110001100010
000010011010
110001100011
110001101100
101110110010
001000011001
010000100110
001010100001
111001110101
101100011000
101011111000
101001001111
101011100111
110010000010
100110101001
100011011110
110010001101
101011111010
110101001011
101001000001
110101001010
110010001111
100001001011
011100010101
100011010011
100011011100
111010101010
101001010000
001010110011
000010010111
011100000111
101001011100
101001010011
111001111000
111101100010
111001100110
001010011111
010010110011
110001010001
111000011111
100011100011
110101011011
110100111001
001000101001
000000000010
111000001110
111101101100
111000001101
100101110111
100011000010
111001110110
101110010001
110100100100
100011100000
001010111111
110101011000
101101001000
101100001010
111000001100
111000000010
111000000001
101011101010
100101110101
100011001111
001101010101
001010000001
011011000100
000100101100
001110010101
010100101110
000100101110
101001101101
101001100011
010110110100
111101001110
011011000111
101011110100
111001101001
100110001000
100011101100
111100001011
110000011011
000110110111
110001010010
100011101110
111101000001
110001011101
001101000100
101001111110
111100001000
000100100001
000000110100
000100100010
000000110101
110000011001
001100000001
111000010001
111101001101
001110000100
111011111111
100110011011
011011010101
000011000111
000100110011
000011000110
000100111101
010100111111
111011111100
011011010110
101011100100
010000110111
101000100010
111100010001
111101011100
101011110110
111101010010
111001101010
111011100000
010000110100
111100010011
111100011101
100001011010
110000001001
110010011110
111101010000
111010111011
110001001111
110010010011
110000001011
100001011001
001000000101
110000101000
001110110111
001111000110
111000111100
001100010100
100001111010
111011101110
000100000000
111001000000
000000100000
100101011011
110000101010
001111000101
000110010100
111001001110
111011100010
000110100010
000110100011
000110101100
000100001101
111001000011
000100001100
111001001100
000000100011
000000101100
111100011010
110011011111
100101011000
100001100111
001001000111
110011001100
110011000011
101000001100
000100001110
000100001111
000000101111
011101010101
010100110000
101110001111
110011000001
110011000010
101101101010
101010100010
001110111001
101010101100
111001011101
101101111000
101001110010
101110000011
101101100110
101001110001
111100101000
110101111110
001110111011
100001101011
000000110010
100011110001
100011111100
101000000000
000010110100
111000100000
000110110000
011010111110
101101011010
011010111111
110100011000
011101010110
000110011001
101000011100
101000010010
111110110010
000000111110
100011111111
110101110000
110000010000
111110110001
000111000111
001010001101
110011101101
000110011011
101101111011
111001011110
101101100111
001100010111
111000111101
110101110010
110101111101
110101110011
000000011000
010111000110
100101101100
111100111000
110101101111
000010111011
111010001011
000000000100
101010001000
101100100100
101110011111
100101100000
011100110011
011100110010
000000000111
000110000110
000010100110
000111000100
101011011010
110010101101
110010100010
110101100001
000001010100
100110110100
001000100101
110110110111
110001110100
100110110110
010001000101
010110000111
001000111011
110010100001
001100110001
111100111011
000001010110
000111010111
000111010110
010010100111
110011111110
100101111110
111101100101
110011111100
110011111101
110001110111
101101110111
001100110010
010001000110
101010011000
100001110110
110011110010
110011110000
110011110001
110000111011
000010101011
011110100111
000000010101
001100111111
111011001010
000100010001
100110111010
000010101000
010110000101
111010011010
000000010111
000000010110
001000110110
110001100101
111011001001
111011001000
010000010100
001100100011
010001010111
111011011011
101011011001
100101101111
011110100110
010110010110
001100101111
111010001001
110001111010
110001111001
110001111000
010111010100
001110110110
111101110100
001000110111
