0100000110
0001001110
1011111100
1011110011
0001110110
1101100100
0111110011
0111111100
1000000110
0100011000
1100101111
0110100111
0010011000
1110110101
0100011111
1000011101
1000010011
0000111110
1010100011
0010000110
1001010000
0001001011
0010011011
0100010011
1011110101
1000010000
1101110001
1010101110
0111110100
1101110010
1000010111
0010000011
0101101100
0101100010
0000001100
0000000011
0001000101
0011000101
1010110000
1010110001
0000101101
0110001011
1011100010
1100010000
0000001110
1011111010
1011111011
0000011011
0100010100
0011011101
0011011100
0001011001
0100010101
1001101111
1100010110
0000000010
0101101001
0101101000
0111100110
0001000001
0001000000
0001111101
0110111111
1100000101
0111111010
1100110111
0010010111
0111111001
0000100111
0011010000
0110001110
1110101011
0110101101
1010100100
0111100100
0101101011
0010010010
0010010001
1010111000
1111101010
0000001000
1100011101
1111111000
0110000111
0110011010
1111100100
0011110110
0000011100
1001001011
1100000000
1001001010
0001010101
1100000010
0001010100
0011001000
0101100101
0110000000
0110000001
0000010000
1100000111
0001010111
1110101000
1100011001
0001101101
1111100001
0101111001
1110111010
1001001101
1001000011
0110010010
0110011100
0110011101
0011011011
1011101001
0111101011
0000000101
0010111101
0110000100
0011000110
0010100111
0011011010
0110110110
0011000111
0000011111
1100001100
1100001110
0001010010
0100101111
0010111110
0010001101
0100001001
1000110111
0010001111
1110100101
0011111111
1110111001
1100001011
1100001010
1001000001
1000001111
1101101011
1110100110
1111110010
0100111110
1000000001
1110110000
0000010110
1000111110
1001011100
0010001010
1001010011
1000011010
0011001001
0100111101
0101110000
1001000100
1001110111
1101101110
0011001011
1000011001
1001011110
