0011101000
0100000110
0001001110
0001110110
1101100100
1110000010
0111110011
1110000001
0111111100
1000000110
0100011000
1101111110
1101111111
1100101111
0000111000
0110100111
0101010001
0011101010
1111011001
0000100110
1101100111
0111001001
0111001000
1011001001
0010011000
1110001111
1110110101
0000100100
0100011111
1000011101
1000010011
0101011100
0000111110
1100100011
1010100011
0010000110
1001010000
1010101101
1111011011
0000110001
0001001011
0100110101
1100111011
0111110110
1110001001
0010011011
0100010011
1000010000
1101110001
1100100000
1010101110
1100111000
0111110100
1101110010
1000010111
1101111101
1100100110
0010000011
1101010100
0101101100
0101100010
1000101001
0000001100
0000000011
0001000101
0100101010
0011000101
1010110000
1100110011
1010110001
1010001000
1100111100
0001111010
0000101101
0110001011
1100010000
0000001110
1000101010
1111101101
0000011011
0100010100
1011000100
1010001011
0011011101
0011011100
0001011001
0100010101
1001101111
1100010110
0000000010
1101010001
1011011111
0101101001
0101101000
0111100110
0001000001
0001000000
0001111101
0110111111
0001111100
0001110011
1011001110
1100000101
0111001110
0111111010
1100110111
0010010111
1010111111
0111111001
1010001100
0000100111
0011010000
0110001110
1110101011
1001101000
1011100111
0110101101
0001100000
1010100100
1011011000
0111100100
1101010111
0101101011
0000111001
0111000011
1011000011
0010010010
1100110100
0010010001
1010111000
1111101010
0000111011
0001100110
0000001000
1100011101
1011010001
1101011111
1111111000
0110000111
0110011010
1111100100
0011110110
0101001010
0000011100
1001001011
1100000000
1001001010
0001010101
1100000010
1010000111
0001010100
0011001000
0111010000
1011010010
1000100001
0101100101
0001101110
1111111110
0110000000
1010011010
0110000001
0011110101
0000010000
1100000111
1010000001
1010000000
0001010111
1101000101
1110101000
0111010110
0100100001
0001100011
1100011001
0001101101
1000101100
1101011010
1001100101
0000101011
1111001010
1111100001
0101111001
0101001111
1110111010
1001001101
1001000011
0110010010
1101000110
0110011100
0110011101
0011011011
1001100110
0111011110
0100100011
0111101011
1011010111
0111101111
0000000101
1010011110
0010111101
0110000100
0011000110
0010100111
0011011010
0110110110
0011000111
1001111011
0011110000
0000011111
1100001100
1010110110
1100001110
0001010010
1001111001
0111011101
1011101111
0111010011
1110101101
1001100000
0100101111
1010011101
0010111110
1110010110
0010001101
1111010100
0100001001
0101000001
0011111001
1000110111
1101000011
1111001100
1111001101
0101011011
1010010101
1010010100
0010001111
1110010000
1110100101
0101000010
0011111111
1110111001
1000110101
0101001101
1100001011
1100001010
1001000001
1000001111
1101001110
1101101011
1111000000
1110100110
1110011100
1110010011
0011101100
0011100010
1111110010
0100111110
0101000100
1000000001
1110110000
0101110111
0000010110
1001110100
1000111110
1101001000
1111000111
0101011110
0011100001
1110011111
1001011100
0111010101
0010001010
1001010011
1111011101
1000011010
0100110010
0011001001
0100111101
0101110000
1001000100
1001110111
1000110010
1101101110
0011001011
1111110111
0101011000
1000011001
1111110110
1100101001
0100100100
1001011110
