1011111100
1011110011
0001110110
1101100100
0111110011
0111111100
1100101111
0110100111
1110001111
1110110101
0100011111
1000011101
0000111110
1010100011
1011110101
1101110001
1010101110
0111110100
1101110010
1000010111
0101101100
0101100010
1010110000
1010110001
0000101101
1011100010
1011111010
1011111011
0011011101
1001101111
1100010110
1011011111
0101101001
0101101000
0111100110
0001111101
0110111111
0111111010
1100110111
0010010111
0111111001
0000100111
1110101011
0110101101
1010100100
0111100100
1101010111
0101101011
1010111000
1111101010
1100011101
1101011111
1111111000
0110000111
1111100100
0011110110
1010000111
0101100101
1100000111
0001010111
1110101000
0111010110
0001101101
1111100001
0101111001
0101001111
1110111010
1001001101
0110011101
1011101001
0111011110
0111101011
1011010111
1010011110
0010111101
0010100111
0110110110
0011000111
0000011111
0111011101
0100101111
1010011101
0010111110
1110010110
0010001101
1000110111
1111001101
0010001111
1110100101
0011111111
1110111001
0101001101
1000001111
1101101011
1110100110
1111110010
0100111110
1110110000
0000010110
1000111110
1111000111
0101011110
1110011111
1111011101
0100111101
0101110000
1001110111
1101101110
1001011110
