11011101001
11000111111
00111010101
00010001000
01111110000
01111110001
00111101000
00001100001
11110111011
11110100001
00101001111
10110000101
11011101111
11000110011
11011101110
11110101100
11110100010
11100000101
11001001000
01111111101
10110011000
00010001111
11111001000
00001101101
00001100010
00100111000
11000110010
00101001101
11000110001
00100111010
00111100010
00111010000
00001101111
00111100011
11011010010
11001001010
00011110110
10110000000
00101001010
00111101110
00010000000
00111011100
11011011110
11011011111
00010011010
00011110000
01111100111
01110001000
10110001100
10110001101
11001000101
11010110101
00001010001
00101011110
00100100011
00100101101
00001101011
10101100000
00100100010
00100110101
00110110100
01110001110
01110001111
00101000100
11100101000
11001000110
11110111101
11000101100
00101010010
10110010110
11110110011
11111000110
00101011101
11010110110
00011111111
01110001100
00001010100
10111110100
11000100000
11111001111
11110111110
11111011000
11000111011
00011111001
00101000001
01110000111
11001001101
10110011101
00101011001
00101011000
10110010011
11000100110
01111110110
00100100100
11111000011
11001011011
11011010101
11110111000
11111011011
11110100111
00100111100
00101000110
00010010110
01110000100
10111001000
01111101011
00001011011
11110000110
11010100100
11011110110
11000011101
11000010010
00000001001
00010101000
11110011011
11111011101
11010111111
00010010101
00001011000
00110001010
11110000001
00000001010
11000010000
00010101011
11001010100
00001000111
11111101010
00111001001
10111001101
11000000111
11001100010
11101001110
11011110011
11000101010
11011111100
11000011001
11111000100
01110010001
11111000101
01111010100
11001011100
11010110000
11001101100
10111000001
00001011101
11101001001
11000101001
11011110000
11000011110
11100010110
11110010010
11110011100
11001010000
11010111100
11100001010
11001101111
11111101110
00010011001
11100001001
11110101011
01011100100
00110000010
11101000001
01110101001
11010101110
01110101000
00010000110
01110010101
11100010001
11100010000
11110010000
01111111010
11110010001
00110000011
10110001111
11011100111
01111101100
00011010011
11101001100
11101000010
00011011101
11010101000
11110010111
11101011010
00001001000
11111010100
00111000111
00010011100
11100000011
11100001101
11010100001
00111011011
00000000010
11100011111
00000000011
11110010100
00110001001
00001001110
11101011001
00010010001
10111001011
11100000000
00110001110
11101000111
11010101101
00011010111
11000010101
11011111010
00111000010
00111001100
00101110110
00110011101
01110100110
11001110111
11111110010
11010011111
11111111111
10111010000
00011011010
00000101000
11101010011
11101011101
00000010000
00011000010
00110010000
00010110110
11010010011
11111111001
10111010011
10111010010
01110100101
01111001010
01111001011
00000101111
00000101110
01110111110
00011001101
00000010011
11010000111
00000011101
01111000011
01110100011
01111001101
00010111110
11100110100
11010101011
11111110110
11010011010
10111011111
10111011110
00011000101
00011000100
11101010111
00000011110
11010000001
01011100010
00110011110
00010110011
11111110101
11010011001
00000000101
10111011001
01111001110
00110000100
00110000101
11101010100
11111101101
11000000011
10111000110
11000001100
11101100011
00101111001
01110110111
00011001011
11001111000
00101100111
00011101010
00100001100
00100000011
00010100111
01110110100
01111000000
00010100001
01111011001
11110001010
11001100001
10110110001
11101101000
11101101001
00101110011
00110010111
00011001110
11001111101
11010010000
00010100010
00100000110
01111011110
00010101100
01110110010
01110111100
11101101011
11000001111
00101110000
00100011011
01110110001
00011001000
11001111110
00011101101
11010010110
01110011111
00010101110
00100000000
01111010011
11001100101
10110110100
00100010010
11101111100
00011100001
11101110010
01110011001
10110100111
00101101001
00000110001
11100111010
00110110010
10111110111
00100011111
11011001100
11100111000
11011000011
01110011010
11101111110
01110011011
00100101011
00100000101
11011000010
00110111101
10110111010
11100101110
11011000000
11011000001
00101101100
00000110100
00001110111
00110110001
10110111110
00111110101
10111110011
00100010001
00101010111
10110100100
00101100000
00100101110
00000110111
00001110101
11100100011
00110110111
11010001101
11000110100
00000111010
10110101001
11011011001
00000100110
00001110010
00001111100
11010000010
10111111001
00000100101
00100010100
10111111000
11100110111
10110101010
00110101111
00111100001
00111111010
00111110011
00111111100
00110111011
00001100100
11101110111
00110100110
00000111111
00010110101
11100100101
10111101111
11010001000
00111111111
00110111000
11100111101
11101110001
00001100110
00101101010
00110100000
00111100100
00000111001
00000100000
10111100011
10111101100
00001111110
11010001011
