11011101001
11000111111
10000010001
00111010101
00010001000
00111101000
00001100001
10000101011
11110111011
10010111101
10010110011
11110100001
10011001101
00101001111
10110000101
10101111101
11011101111
11000110011
11011101110
11110101100
10010111110
11110100010
10000010111
11100000101
11001001000
10000010110
10110011000
00010001111
11111001000
00001101101
00001100010
00100111000
10010111111
10011000001
11000110010
00101001101
10101110101
11000110001
10010111000
00100111010
00111100010
00111010000
00001101111
00111100011
11011010010
11001001010
00011110110
10110000000
00101001010
10101110110
00111101110
00010000000
00111011100
11011011110
11011011111
00010011010
00011110000
10110001100
10110001101
11001000101
11010110101
00001010001
10101111011
00101011110
00100100011
00100101101
00001101011
10101100000
00100100010
10000000001
00100110101
00110110100
00101000100
10011001010
10000011000
11100101000
11001000110
11110111101
11000101100
00101010010
10110010110
11110110011
11111000110
00101011101
10101101101
10100000010
11010110110
00011111111
00001010100
10111110100
10000011111
11000100000
10011101011
11111001111
10000000100
11110111110
11111011000
11000111011
10100001011
00011111001
00101000001
10000010010
11001001101
10101111000
10110011101
00101011001
00101011000
10110010011
11000100110
00100100100
10011101000
11111000011
11001011011
11011010101
10101100111
11110111000
11111011011
11110100111
00100111100
00101000110
00010010110
10111001000
00001011011
11110000110
10000001010
11010100100
11011110110
11000011101
11000010010
00000001001
00010101000
11110011011
11111011101
11010111111
10001000010
10001001100
00010010101
00001011000
00110001010
10010010010
11110000001
00000001010
11000010000
00010101011
11001010100
00001000111
10001001111
11111101010
00111001001
10111001101
11000000111
10010010100
11001100010
10010010101
11101001110
11011110011
11000101010
11011111100
11000011001
11111000100
10011010110
11111000101
11001011100
10000001110
11010110000
11001101100
10111000001
00001011101
11101001001
11000101001
11011110000
10001011010
11000011110
11100010110
11110010010
10000001101
11110011100
11001010000
11010111100
11100001010
11001101111
11111101110
10001000000
00010011001
11100001001
11110101011
01011100100
10010011011
00110000010
11101000001
11010101110
00010000110
10011011100
11100010001
11100010000
11110010000
11110010001
00110000011
10110001111
10100110111
11011100111
00011010011
11101001100
11101000010
00011011101
11010101000
10011010000
11110010111
11101011010
10010000011
00001001000
11111010100
00111000111
00010011100
11100000011
11100001101
11010100001
00111011011
00000000010
11100011111
00000000011
11110010100
00110001001
10010000100
00001001110
10010000101
11101011001
10011000111
10001001001
00010010001
10111001011
11100000000
10010011001
00110001110
11101000111
11010101101
00011010111
11000010101
10011011111
11011111010
10011000101
00111000010
00111001100
10101001000
10011110101
00101110110
10011110100
00110011101
11001110111
11111110010
11010011111
10100100110
11111111111
10111010000
00011011010
00000101000
11101010011
10100111001
11101011101
00000010000
00011000010
00110010000
00010110110
10001010101
11010010011
11111111001
10111010011
10001101000
10111010010
10100100101
00000101111
00000101110
00011001101
10100111111
00000010011
11010000111
00000011101
10010001110
00010111110
11100110100
11010101011
11111110110
11010011010
10111011111
10111011110
00011000101
00011000100
11101010111
10100110010
00000011110
11010000001
01011100010
00110011110
00010110011
11111110101
11010011001
00000000101
10111011001
10010001001
00110000100
00110000101
10100110000
11101010100
11111101101
11000000011
10111000110
11000001100
11101100011
00101111001
00011001011
10001010011
11001111000
00101100111
10100101000
00011101010
00100001100
00100000011
00010100111
11111100000
10100101111
00010100001
11110001010
11001100001
10110110001
11101101000
11101101001
10101000011
00101110011
00110010111
00011001110
11001111101
10001010110
10100101100
11010010000
00010100010
00100000110
00010101100
11101101011
10101001110
11000001111
00101110000
00100011011
00011001000
11001111110
00011101101
11010010110
10100100001
00010101110
00100000000
11001100101
10000110101
10110110100
00100010010
10100011110
10011101110
11101111100
00011100001
11101110010
10110100111
00101101001
00000110001
10101010001
11100111010
10101101010
10000111100
10000110011
10100000101
10001110110
11101100100
00110110010
10111110111
00100011111
11011001100
11100111000
11011000011
10100011100
10100010011
11101111110
00100101011
10011100011
00100000101
11011000010
00110111101
10110111010
10001110000
10011111011
11100101110
11011000000
11011000001
10100011010
10011100000
00101101100
10010101110
00000110100
10101011111
10101101110
00001110111
00110110001
10111100101
10110111110
00111110101
10001111100
10111110011
00100010001
10101000101
10100011001
10000100110
10000100111
00101010111
10110100100
10100101011
10010101100
10010100010
00101100000
10011100110
00100101110
00000110111
10101011101
10101101001
00001110101
10100000111
10100000110
11100100011
10000111110
00110110111
11010001101
10001111111
11000110100
10011111110
00000111010
10100010101
10000100000
10001100100
10011100101
10110101001
11011011001
00000100110
00001110010
00001111100
11010000010
10011110010
10001111001
10111111001
00000100101
00100010100
10111111000
11100110111
10110101010
10000101101
00110101111
00111100001
00111111010
00111110011
10001111010
00111111100
10011110001
00110111011
10010100101
00001100100
11101110111
10001100001
00110100110
10101010100
00000111111
00010110101
11100100101
10111101111
10010110111
11010001000
00111111111
00110111000
11100111101
10000101001
11101110001
00001100110
00101101010
00110100000
00111100100
10001100011
00000111001
10111100010
00000100000
10111100011
10111101100
10010110000
00001111110
11010001011
