111111110001
111111001000
110111010100
110101000011
011100010111
111101101001
000110101111
111010010111
101100011110
001010111010
011110001111
000110010100
110111101101
110100110001
100000010100
011100010001
101011101111
001111011110
100010001100
111001110100
011000001000
101001011111
100001101100
101111111100
101010010011
101101010001
110110000101
110010111110
100011010000
101110100001
101100101010
011101010100
011101100100
100110101000
110001101001
000011011101
111011010000
100100111001
100101001101
001010101110
101000111000
101111100100
100011110110
000111101101
100001001011
110010001111
011100100001
111010101011
100111100011
110001101010
100011101001
000010010111
111001111110
000110010011
111110001110
101001110011
101100101111
110100011010
011001101111
010011000001
010110111010
110101100111
111110110000
010111111100
000110001011
100101110000
000001000101
100100011011
100100100100
010011000110
000111001110
110100100010
100011100011
111001011001
101101001010
011011111101
111000001111
000000000000
000000111101
011011011011
011011111110
111001000100
100111101010
111000100111
011101011110
011011100001
011100110111
000001011000
101111010111
100010101101
110100001100
101110110101
101100100011
100010111011
111110011011
101000011101
100111000001
101010001000
000101100100
111101110111
000000011110
010011001010
101000010000
110000110101
011101000111
011000101100
101011001101
011011011000
100100010001
111011000111
111100111101
101001100000
111010100100
110011100000
011111100111
110000000001
101011001110
000100100111
011000010110
111111101110
000001101111
110011111000
011111111001
100101111001
110110110111
011110011100
000101100001
100001010001
000101111011
111101110010
011010110111
110101010110
001001111100
011110101001
011101001101
111101011010
000010110001
101101000100
010101101110
000011110111
110001011111
010011001100
101010011001
110000100110
000100010010
001101101010
000011100010
111100000011
000100111100
000000101010
110111011001
001000111110
011110100010
011001000010
101100110110
100001110101
000101010111
100110111010
111100000000
100110000110
000100111111
011111010010
011000111011
110011010101
111011111010
011000110000
100000000111
110010010010
110111001010
101111100010
101010000010
100000110010
100111011111
101010100101
000101000110
100111011010
011110000000
011010010101
110110001001
001101111010
110000001010
110010011100
011101101000
