1010100111111
0001011100010
0011111001000
0100101110010
0100011001100
0111110101100
0010111010111
0001111001110
1100110011001
1001101101000
0100110011010
1011000111110
1000010001000
0111011011101
1011100000110
1111101011101
1001001110101
1010110010000
0100101001110
0010010001111
0110111011001
0001110100000
0110011000010
0101011101101
0001111001011
1111111001010
0101110111011
0101100001100
0001010101000
1101011101110
1101111100111
0001010011111
0100010111110
0011111100001
0111101110110
0100110101000
0111100011100
1101110111100
1010011111100
0000111010010
1110101101100
0001001010010
0101010000010
0110010001100
1110110110011
1011010101101
0101011011000
1111111110000
0100000101111
1010111111011
1101000001101
0011010010100
0111010101011
0000100000110
0110000101101
0010001110110
1110001011100
1111010011101
1110111010110
1011100110010
1101000110010
1011011111011
1001100010001
0111011111010
1110110011100
1111010010000
0011001001110
1100100111110
1111110100110
0011111111110
0000011101110
0100111100110
1000010110100
0011001100110
1101111011101
1011000011100
1111100100010
0100111111101
0000000110110
0111010100111
0000111001100
1101101111110
0101110011010
1100110100101
0101011110110
0101111010001
0011110011010
1011111101111
1111010111111
0011011110001
0001101111100
0110100000010
0110001111111
0010101011100
1010101010010
0011100101101
0010111001101
1110000100110
1110101011111
1001100111001
0000100011100
1001001111011
0110111100101
1000100010011
1011111000100
1111111010011
0001000101100
1010010100010
0001111111011
0011001011101
1011001010010
1100110001111
0010110101110
1110111100011
1010100001100
0111111001111
1111010001110
1011011000100
1000100011000
0011110110101
0110110110000
1101011000100
1101100011111
1000100100101
0100000010110
1101010100001
1000101110011
1000000010111
0101110000110
0000110100011
1100111000011
1011011010110
1000011001011
1100110100000
