1010100111111
0110001101001
1011000001011
0001011100010
1001111110111
0101000111000
0011111001000
0100101110010
0100011001100
0111110101100
0010001100011
0010111010111
0001111001110
1100110011001
0011101010000
1111100110101
1111001110011
0100110011010
1011000111110
1000010001000
1101001001010
0111011011101
1011100000110
1111101011101
1010110010000
0100101001110
1010011011010
0101101101011
1100011110101
1110011001011
0001101010100
1111010000101
0010010001111
0110111011001
0001110100000
1011001000111
1001010010011
0110011000010
1100011110011
0101011101101
1001110111010
0001111001011
1110000011010
1111111001010
1100000101011
0101110111011
0101100000011
0101100001100
0001010101000
1101011101110
1101111100111
0001010011111
0100010111110
1000111101001
1100010000011
0011111100001
0101100010000
0011000000000
0111101110110
0111000010111
0100110101000
0111100011100
1101110111100
1010011111100
0000111010010
1110101101100
0001001010010
1100101000001
0101010000010
0010101100111
0110010001100
1110110110011
0001000011000
1011010101101
0010110000011
0101011011000
1001010000110
0011000000011
1110100101001
1111111110000
0100000101111
1001011001001
1010111111011
1101000001101
0011010010100
0111010101011
1110001000101
0000100000110
1101001000000
1110010101000
0110000101101
0010001110110
1110001011100
1111010011101
1110111010110
1011100110010
0001100101010
0010011101000
1101000110010
1011101000011
1011011111011
0110001001011
0001000100101
0101010001001
0101100000101
0100001011011
0111101000001
0100001100001
0111011111010
1110110011100
1111010010000
0111100011011
0011001001110
0100010110101
1111101101010
1001011011010
1100100111110
1111110100110
0011111111110
1110100001000
0000011101110
1100000010100
0100111100110
1000010110100
0100011010111
0011001100110
1000111000010
1111101111001
0101001010111
1001101001111
1101111011101
1011000011100
1111100100010
0100111111101
1000101101110
0000000110110
0111010100111
1100000001010
0101100100000
1001001101101
1000001000110
1010000110001
0000111001100
0110000100100
1101101111110
0101110011010
0001110000100
1100110100101
0101011110110
0101111010001
0011110011010
1010001011001
1010010010101
1001110011101
0010100000101
0110101011000
1011111101111
1111010111111
1000111110000
0010010010011
0011011110001
0001101111100
0110100000010
1000001011101
0110001111111
1010011100111
0010101011100
1010101010010
0011100101101
0010111001101
1110000100110
1110101011111
1110011010100
0000100011100
0100100110101
1101110001000
0110111100101
1000100010011
1011111000100
1111111010011
0001000101100
1010010100010
0001111111011
0011001011101
0010101101011
1011001010010
0010000111010
1000000011111
1100110001111
0010110101110
1110111100011
1100001111000
0101001100111
1010100001100
0010100110100
0111111001111
0100101100111
1111010001110
1011011000100
1101101010100
1000100011000
0011110110101
1000101011110
0110110110000
1110011000001
1101011000100
1111100111000
1000011001110
1101100011111
1001001110110
1000100100101
0111001100100
0100000010110
0110000010001
1101010100001
1011001100000
1000101110011
1000000010111
0001100110111
0111000111001
1011110001001
1000110010110
0101110000110
0000110100011
1100111000011
1010101100000
1110100010111
1011011010110
1000011001011
1100110100000
