1010100111111
0001011100010
0100101110010
0100011001100
0111110101100
0001111001110
1001101101000
1011000111110
1000010001000
0111011011101
1011100000110
1111101011101
1001001110101
0100101001110
0010010001111
0110011000010
0101011101101
0101100001100
1101011101110
0001010011111
0100010111110
0111101110110
0111100011100
1101110111100
1010011111100
0000111010010
1110101101100
0001001010010
0101010000010
0110010001100
1011010101101
0100000101111
1101000001101
0000100000110
0110000101101
0010001110110
1110001011100
1111010011101
1110111010110
1011100110010
1101000110010
1001100010001
1110110011100
0011001001110
1100100111110
1111110100110
0011111111110
0000011101110
0100111100110
1000010110100
0011001100110
1000111000010
1101111011101
1011000011100
1111100100010
0100111111101
0000000110110
0000111001100
1101101111110
0101011110110
1001110011101
1011111101111
1111010111111
0001101111100
0110100000010
0110001111111
0010101011100
1010101010010
0011100101101
0010111001101
1110000100110
1110101011111
1001100111001
0000100011100
1001001111011
1000100010011
0001000101100
1010010100010
0011001011101
1011001010010
1100110001111
0010110101110
1010100001100
0111111001111
1111010001110
1000100011000
1101100011111
1000100100101
0100000010110
1000101110011
1000000010111
1000110010110
0101110000110
1011011010110
1000011001011
