1001111
1101000
1001110
1110111
1110110
0010011
1010111
1010110
0100101
0100100
1101001
1001100
1110101
1110100
1000011
1101110
1001101
0100110
1010001
1010000
0100111
1101111
0000101
0000100
1001011
0100000
0010110
0010111
0100001
1100011
1101100
1101101
0111010
0001010
1001001
1001000
1111011
0100011
0101100
0010000
0010001
1010100
0101101
1010101
1100001
1100000
1000100
1000101
1111000
1111001
0101111
0101110
1011001
1011000
1100111
1100110
0000011
1111110
1111111
0101001
0101000
0010100
0010101
1011011
1100100
1100101
1000000
1110011
1000001
1111100
1111101
0101011
1011101
1010011
1011100
0000110
0000111
1110001
1101011
1000110
1110000
1000111
1011111
0011010
1011110
0110010
0000000
0000001
