1101000
0010011
1010111
1010110
0100101
0100100
1101001
1000010
1000011
1101110
0100110
1010001
1010000
0100111
1101111
0000101
0000100
1100010
0100000
0010110
0010111
0100001
1100011
1101100
1101101
0111010
0001010
0100011
0101100
0010000
0010001
1010100
0101101
1010101
1100001
1100000
1000100
1000101
0101111
0101110
1100111
1100110
0000011
0101001
0101000
0010100
0010101
1100100
1100101
1000000
1000001
0101011
1010011
1010010
0000110
0000111
1101010
1101011
1000110
1000111
0011010
0110010
0000000
0000001
