0111111
1001111
1001110
1110111
1110110
0011100
0011101
1010111
1010110
0100101
0100100
1001100
1110101
1110100
1101110
1001101
0011111
0100110
0100111
1101111
0000101
0000100
0010110
0010111
1101100
1101101
0111010
0001010
0101100
1010100
0101101
1010101
0110100
0110101
1000100
1000101
0101111
0101110
1100111
1100110
0001101
0001100
0110111
1111110
1111111
0010100
0010101
1100100
1100101
0001111
1111100
1111101
1011101
1011100
0000110
0000111
0111100
0111101
1000110
1000111
1011111
0011010
1011110
0110010
