0111001110010
0000010001110
1100000010010
1100101111100
1001001110100
1011100011111
1111100110110
1010010110110
1000101001001
1101011011100
0010000101100
0101100001111
0011100010010
1011100011100
1100110010010
0111111101111
0100000011110
0101100001100
1000111011100
1101011101111
0100110011111
0001111100110
0100000101101
0000111010010
0100110101111
1000111110010
0001000011111
0011011010010
1000001110011
1111111111100
0101010110010
1000000001011
1001101010011
1011011101101
1110100101101
0010110011111
1110101001111
0100001001110
0001101101111
0101100010010
1000111000010
0110101011101
1100000111100
0001110011110
0011010110010
1001010001000
1101100101101
0101011001111
1110001110110
0001000011100
0001000101111
1000011100101
1010011100110
0010111001101
0001101000010
1100101100010
1010000001111
0010001001101
0011100001110
1000100011010
0001110101110
1000011101010
0011011111110
1001000100001
0110000000010
1100100010110
0111110111100
0111001101101
0110100001110
1010111011111
1100110111101
0111000111101
0111110111101
1001101100000
1001001110111
1011000100110
1001101100011
0011011100010
0001010100110
0000010010010
1000011011000
1010001101101
1111000100110
0110000011111
0001111001110
1110101111111
1100001101110
0010100111111
1010101001100
1100001101101
0010010001110
0101101011110
0000011011110
0101001110010
0011101011100
1011101010010
1011111110110
1100101001110
1110011000010
0001001001110
1001110100010
0000010111111
1000011011011
1100100101110
1111111001111
0110011000110
0101111101100
0101010000010
0101100111101
1001011011101
0000000011100
0011111101100
0100001111101
1000011010101
0000100000110
1110000010110
0011110000010
0000011101100
0100111001111
0001111010010
0001000110010
0000011101111
1111110000010
0111000000110
1000100101011
0011100100110
1100010011110
0010101101111
1110010010010
1000110111110
1010000111100
1000101111010
0011011000110
1100001000110
0000100101110
0100110110010
1111010111100
1111110011110
1000100101000
0000101101100
0010011111101
0100100110110
1111110011101
1001000011001
1110010001101
1011111000110
1111011101100
1011011011110
1110010001110
1110011011100
0010010111110
1111010100010
0111010011100
1101010111110
0101110000110
0111111100110
0001101010110
1101000111111
1100011001111
1100011001110
1011110111101
1001010011100
1101110101111
1000010011010
0010011001111
1001000001011
1100010111111
0101110100010
1101001001111
1101000100010
0100000000110
0101000101100
1111010010110
0001001111101
1001101000100
0110010001101
1110110110010
0100011011111
0101000101110
0000101011110
0110010001111
0110111001110
0010100001111
1000001100100
1001100110111
1100100000010
1010100011101
1000100010001
1110000111110
1011101111101
0011001101111
1011001101111
1010100011110
0100100011111
1100100011110
0011001101100
1001111101110
1001111101101
0100100011100
1000000000001
1111101101101
0001011110110
0011111011110
1100101010110
0111000110110
1000100010011
1111100101111
0111100101110
1110001111101
0101101111100
0101101111101
1000010111000
1101010001111
1001101111001
1110111101101
1011000101101
1001000111011
1011111100010
1011001110010
0111101101110
1011000101111
1001000111000
0000011011101
0000110001111
0111000100010
1101010001100
1110111101110
1000011100011
1100111111110
1001110110010
0110110010010
0100011101101
0010101001110
1101101010010
0110110000110
0010001100010
1000000101001
1101001111100
0100111010110
1111011011111
1111011011110
1100011111101
1001011101110
0110010100010
0011101101101
0010001111111
0011001110110
1000110000111
1110010101100
1011010100010
1001011110010
1111110111111
1011101100110
0010111000110
1000000100111
1100011111110
0001110110110
1110110011111
0110101010110
1000011010011
0111011101111
1001100000101
1000011010001
0000100000010
1100011100010
0001100111111
1101001010110
0000011100110
1011000011101
1001110011111
0010110110010
0000110111110
1001100001011
1001101001001
0100010011110
1110001001110
1010101101110
0010000111101
0100101101111
1000101100000
0011100101101
0110000100110
0100101101100
0000100011101
0001101111110
1110000001110
1001000010000
1111001101110
0111111011101
1010110100110
0000010100110
1001001010011
1100110001110
0010110101111
1011001011111
1100001011110
0000111111101
1011110001101
1111100011110
0000001101111
1001001010001
0110100111110
0000001101110
0101001011101
0111001001110
1001101001010
0001010001111
1001110000001
0111000001111
0011101110010
1011111001100
1100111001100
0000110100010
1010100101100
0000000101100
0010111101110
0001011001100
1010110011100
1000001100001
1100000011101
0110011110010
0100101111111
0010101111100
1011000110110
0111010001100
1101100001110
1010101110010
0011100011101
0101011101101
1110011111111
1110011111110
1101011010010
1100110011100
0111101010110
0101011101110
0101110010110
1000100110100
0001110001101
0100000100010
1011100001111
1101000110110
0000111011100
0100110001110
1110101000010
1010110101111
1110100111101
0010110001100
0001110001100
1000111111101
0100110001101
0011011011101
1010110101101
0101011011110
0110100011101
1111111110010
1110111010110
0101010111101
1000101101010
0100010110110
1101110000110
1011011100010
1000111001101
1110101011100
1010010010110
1100000110010
0011010111100
1100101011101
1000101010101
1001101110000
1110100001100
1000010100011
0100101010010
1010001001110
0111010111111
0101101100110
1010101011101
1001100100000
0110011101100
1010000000010
1001001100111
1010100000110
1011100100010
1000000011001
0001101001100
0010011010110
1101100111111
0010000001110
1110001100110
0110000001100
0110101001100
1101100111101
1001110110110
0111001100010
1111011001101
0100011100110
1101101110110
1111011001110
1100110101101
1000101011000
1010000011101
0011101001101
1010111010010
1100110101100
0000010011101
1010001010010
0111001111111
1000000010100
0101111111110
0111100000010
0001100011100
1100011110110
0111110101101
1011010011100
0011111111101
1010001100010
0101111111100
1000110011101
1110110000110
1011010011111
1001001011011
0001111000010
1000100001000
1110101110010
0001001000010
0101001111111
0101001111110
0110110001100
1101101000110
0100111101110
1011101101100
1010001111110
0110110001111
0100001011100
0010100110010
0000101111111
0111100011100
1001110101111
0011110001111
1000010100100
0101100110010
1110101101100
1000110101100
0101010001101
1000110000000
0000000010010
0011000001101
0011000001100
0110010110110
0011010000110
0011111100010
0010001011110
1100100111100
0001111011101
1011101011110
0001000111100
1000111001110
0001110111101
1100100111111
0100111000010
1101101101100
1111001000010
1101000011110
1111011111101
0010111110110
0000000110110
0110111111111
1001111010110
0010011101110
1011011001110
1111111011110
0100000111111
1110010011101
1011001010110
0110110100010
1111000010010
1010111111100
0110001111110
1111001011101
1010111111110
0000101100010
1000000110000
0110111111101
0000011111100
0010011110010
0101001000110
1000101100101
0110110111100
0101101001101
1000011001001
1101010101100
1001000000100
1110011010010
0010100010110
0110101100110
1111101000110
0110111011100
1000101000011
0111101011111
1111010000110
0100011001100
0100010111100
0000100111100
1001101010111
0000101001101
1000001111011
1010011001100
1010011001101
1110100100110
0011000111111
1011000111110
0111101011100
1011100000110
0100011001110
1000010001001
0000101001111
1001101101011
0010110010110
0101001001100
1001010010010
1101111001110
0001010011110
0101110101100
1001110001010
1101111001111
0001000000110
0000001010110
1100100001111
1000010000101
0010000000110
0111100111111
1101111001101
1110001011111
0001111111111
1110001011100
0011110101100
1111000001100
1100101110110
1001010111110
1010010111111
1100010101111
1101001011111
1000111100110
1000001111000
0111011111100
0001001101100
1001000101010
1010100010010
0110001001111
0111100100010
1100111110010
1010101010110
1100110100110
1000001000111
1111101111110
0000000001101
1011111101111
0010010011100
0111110110110
1110110111110
0011001011100
1000001000101
1110000101111
0110010101110
1010100001100
1110000101101
1110000101100
1000000010011
0010010011111
0001010101101
1011001111100
1001111111100
0111000101100
0110001010010
0110110011110
1000110010110
1000010101001
1111100111100
0100011100010
1101101011100
1111110101110
1111100001101
0000011000110
0010101000010
1101111111101
0010100100110
1001100011000
0110101110010
1100111011111
1001011010110
1101010011101
0110010101101
1110010100010
1010011111100
1001100010100
0101010101111
1000001001000
0101100110110
1111000111111
1001001101001
1010010001100
0110011011101
0100001100110
1011010101110
1011010101111
1001011111111
0011001100110
0011011001100
1100001001100
1000000110111
0010110111101
0011011001111
1001110010010
1000000110101
1111011110110
0100111110110
0011010001101
0010111111111
0111111010010
0010101011111
1001101011010
1011110011110
0111000011110
1111101001110
0101111000010
1101011100110
1110111001101
0111010010110
0000111110010
1100000001100
1100000001101
1010101111110
0010110100010
1101111100010
0101000001111
0001011011111
1100010000110
0000011110110
0101110011100
1101100011111
1011000001110
0101001010010
0101110011111
1000101110011
1101100011100
0110100101101
0111110001110
0011100111110
0111011010110
0000110101101
0000000100010
0001011000010
0111111001100
