0111001110010
1101000100101
0000010001110
0101000111000
0001010101011
1011111001010
1101100000001
1100000010010
1101001001001
1100101111100
0110001101000
1001001110100
1001111110101
1010011011010
1011111001001
0110111101010
1011100011111
1111111100001
1110011110011
0111001110001
1101000100111
1111100110110
1010010110110
1011110100100
1000101001001
1100011011010
1101011011100
1011001000111
0010000101100
0101100001111
0011100010010
1110010001000
1011100011100
0100110000000
0100100001010
1100110010011
1100110010010
1110111000111
1010010110100
0101011010001
0100010100100
1000010000010
1011001000100
1111101010111
0111111101111
0100000011110
0101100001100
0111010000000
0001010101001
1000111011100
1101011101111
0100110011111
0010011001010
0101100010001
0001111100110
1100101100001
0100000101101
1111101010100
1111101010101
0000111010010
1111001100011
1111101101000
0110100010001
0011111011011
0010110000011
1001010111010
1001010000110
0100110101111
1000111110010
0001000011111
0100011000101
1111001100001
1110001000100
0100010010101
0011011010010
0101011100000
0101101110111
0011111011000
0010110000000
0001111100101
1000001110011
1111010010011
1111111111100
1011100000000
0110111101001
1101110100101
0101010110010
0011011010001
1000000001011
1001101010011
1011011101101
1000010011100
1101110011001
1110100101101
0010110011111
1011100000011
0111100100101
0111100100100
1110101001111
0100001001110
1111101101011
0101001101010
1101001000101
1011000010101
0110010011001
0001101101111
0010100001010
1101111000100
1001010111000
0101100010010
1000111000010
0111101111001
1010001000001
1100101010001
0110101011101
0011110000100
1100000111100
0001110011110
0011001010101
1100001110111
1000010101110
1111101100111
0011010110010
1101110011010
1100100011000
1001010001000
1000111000000
1001100110010
0111100010100
1101100101101
0101011001111
1000010101101
1110001110110
1001010110101
1111100111010
1010111000000
1011000101000
1010100011001
0001000011100
0001000101111
1000011100101
0001001010111
1010011100110
0010111001101
0011000000111
0011111101001
0110011100001
0001101000010
1100101100010
1000001011111
1011011110011
1001111111010
0001001010100
1010011010101
1010000001111
0110010010111
0110001011010
0010001001101
1100100101001
0011100001110
0111010110000
1000100011010
0111010110001
0001110101110
1000011101010
0011011111110
1001000100001
1110001111010
0110000000010
0101001100111
1110110101011
1100100010110
0111111110001
0111110111100
0111001101101
0110100001110
1010111011111
0101000110101
1100110111101
0111100101011
0111000111101
1101100110000
1100100010100
0111110111101
1111100111001
1001101100000
1100100101010
0001100000111
1000101000110
0101111110000
0101101111011
0100010101000
1010101001011
0001001101001
0101110110111
1001001110111
0100011111010
1100111111000
1011000100110
0011111010100
0100111010100
0010011000101
1100110100011
1001101100011
1100000100000
0011011100010
1100010110100
0001010100110
0111110100000
1010011101011
1101011000001
0000010010010
1100110100000
1110110011010
0001011100011
1000011011000
1000110010000
0100100111001
0011111110001
0110011001000
0001100010011
0111011101010
0111110100011
1010001101101
1111000100110
0110000011111
0001111001110
1110101111111
1100001101110
0010100111111
1000101110110
1010101001100
1100001101101
0010010001110
0101101011110
0000011011110
0101001110010
0100011110111
0001100010000
0111011101001
0100100111010
0000110101000
0000100001001
0000100001000
0011101011100
1011101010010
1001011101000
0110110000011
1011111110110
0101000001001
1100111000101
1100101001110
1110011000010
0000011000011
1110000011011
1111011000100
0001001001110
0101010101010
1001110100010
0000010111111
1000011011011
1001111001000
1110010111010
1111110101001
0010001100100
0101000001010
1101001111001
0000011000000
0000011000001
1111011000111
1100100101110
0100111010011
1111111001111
1011101100001
0010110110100
1001100000010
0010001010000
0101110001011
0110011000110
1111110100100
1001110010100
0001001010011
0101111101100
0101010000010
0101100111101
1001011011101
1110111110100
0100111100000
1110000010101
0000000011100
0011000000011
0011111101100
1100011100111
0100001111101
1000011010101
0111011100111
0000100000110
1110000010110
1110111110111
1000000111110
0011110000010
0000101110001
1100100110011
0000011101100
0100111001111
0011010010111
0001111010010
0001111010011
1000110001110
0001000110011
0001000110010
1110101100000
0000011101111
1110011101011
0010000110111
1001011100100
1101011110000
1111110000010
1001011000000
1001101001111
1011011000011
1111001010000
1001000010110
1100111001010
0111000000110
1000100101011
1011110011000
1100000001010
0011100100110
0111001010111
1101001010001
1100010011110
0010101101111
1100011101000
1110010010010
0100101101000
1000110111110
1010000111100
0010100000100
0010110111011
0001011000101
1000101111010
0011011000110
0011101110101
1100001000110
1111111010000
0000100101110
0100110110010
1010110100000
0110111110000
0000010100001
0111110000111
1110010010001
1101000010000
1111011110000
0001100111001
1111010111100
0101111010101
0100100110101
1111110011110
0101110001000
1000100101000
1110100110001
0010011100001
0000101101100
1111000101011
0010111100101
0010011111101
1101001111010
0010000111010
1100010000001
0100100110110
1111110011101
1001000011001
1110010001101
1010101111001
1011111000110
1111011101100
0110110110011
0001010011001
1011011011110
0000011110000
1011001001010
1101101010101
1011000011010
1110010001110
0010001101011
1101110101000
1010100101001
1101000101000
0101001011011
1110011011100
0010010111110
0100101100101
0111110001001
0011011001001
0101111011001
0110000110000
0101110000101
1101100000100
0110101111011
1111010100010
0101111011000
1101010100001
1110111001000
0111010011100
1101010111110
1001111000111
0001101110101
1100110001001
0101110000110
1000100100110
0000111100111
1110001001011
0010101010101
0010101110111
0101011010111
1011001000011
0111111100110
1011100011001
0001101010110
1111111100111
0100110011001
0000100110011
1010010110001
1011011010101
0101100011011
1011011101001
0110100100111
0100110011010
0111101010011
0001010010001
1101000111111
1100011001111
1100011001110
0111010000101
0001101010100
0000100110001
0101100011000
0100000000101
1010110010111
1011110111101
1001010011100
1101110101111
1000010011010
1111001110111
0001110001001
0010011001111
1001000001011
0010000010101
0100110101010
1011000110001
1100000000111
1010110010100
0110011111000
1100010111111
0101110100010
0101110100011
1101001001111
1101000100010
1111010011010
0100000000110
0101000101100
1111010010110
0001001111101
1001101000100
0001101111000
0110010001101
0111111101000
1110110110010
0100011011111
0011100101001
1010000111011
0101000101110
1010001001000
1100101100111
0010000011010
0000101011110
0010000100101
0110010001111
0110111001110
0100001001010
1101100001001
0010100001111
0001110000111
1110001010011
0110001100011
1000111111011
0111001010100
1010110101010
0100001001001
0011111000011
0000111010111
1000001100100
0100000111000
0010110000111
1001100110111
0011110100000
0000111010101
0111010001011
1100100000010
1000001100110
1111111100100
1100110010101
0111100110011
0000101000001
0000010010100
1001001100010
1010100011101
1000100010001
0011000010001
0011000010000
0011101001001
1100110111011
1110000111110
1011101111101
1001010110000
0110011010111
0011001101111
0101010100101
0110100011011
1011001101111
0001110000100
1100101101001
1101110000011
1010100011110
0010001011001
1100001110000
1100001110001
0100100011111
1100100011110
0011001101100
1001111101110
1001111101101
1110000100000
0101100010101
0011110000001
1101100111000
0110001000000
0000000000000
0100100011100
1000000000001
1111101101101
0110010010000
0001011110110
0011111011110
1111000110101
0010110001001
1100101010110
1101011001010
0111000110110
1000100010011
1111100101111
0111100101110
1110101000101
0111000110111
1010111011010
1110001111101
0011001010011
0011010100101
0101100100111
0000001000100
1011010100101
0101101111100
0110011010100
1010100000000
0101101111101
1011111100000
1000010111000
0011101000111
0110011111011
1101010001111
0100101000111
1001101111001
1110111101101
0001010100000
0001101011001
1011000101101
1010100000011
0011011100101
1001000111011
1011100101000
1011111100010
1110001100001
0011101000100
1011001110010
0100101000100
0111101101110
0010011010011
0101101100000
1011000101111
0000001001011
1001000111000
1111101110011
0111001111000
1001110110001
0100100000000
0000011011101
0011010101000
1010110011001
1110011110100
0000110001111
0001011111001
0111000100010
1111100110000
0110111010001
0100100000011
1101010001100
1110111101110
0101000110001
1000011100011
0111111100100
1100111111110
1001110110010
0111000100001
0101100101001
0110110010010
0100011101101
1010000000101
0010101001110
1011101101010
1101101010010
0111000111010
0110110000110
0010001100010
1110110000001
1110011001001
1010111101000
0100111101011
0101010011000
1001001001101
1010001111010
1000000101001
0001001011010
0110000011000
1001110100111
1101001111100
0001011111010
0001110111000
1111001001001
0100111010110
1101111110011
1001001001110
0111100001000
1111011011111
1111011011110
1111011101000
1011001110001
1011001110000
1100011111101
1011010011000
0001111001011
1000010111101
0001110111011
1100001101011
1000011001100
1001011101110
0110010100010
0011101101101
0010001111111
0000110011000
0000011011011
0011001110110
0001100010101
1111011101010
0111110101010
1110010101100
0100111011010
1100101011011
0001110110100
1011010100010
0000011101001
0110110001000
1110100001010
1001011110010
0100010000000
1111110111111
1011101100111
1011101100110
0010111000110
0111101110100
0101101010100
1001110101001
0101101010101
1001011110001
0001100100011
1000000100111
1100011111110
0001000100111
0000101100111
1111100101010
1111000110011
0001110110110
0100111011000
0101010011011
1110110011111
0110101010110
0110101010111
1000011010011
0011001111011
0111011101111
0111100000111
1110000010001
1010010000011
1000110111000
1101101111011
1000110111001
1001100000101
0011111100111
1101000011000
0110000101001
1100100100101
1000011010001
0011001111001
1110100001001
0000100000010
1110101111000
1100011100010
1011101011000
0001100111111
1101001010110
1000111110100
0111001010000
0100001110100
1100001000011
0000011100110
1111111011000
1011000011101
1001110011111
1111000000111
1010110100101
1100011010100
0010110110010
0000110111110
1001100001011
0010111110001
1001011000111
1101010111011
1001101001001
0100010011110
1100001000000
1111011100101
1110001001110
0010101010000
1010101101110
0010000111101
1101011110111
0100110100101
0111101001010
0100101101111
1001011000101
0100000110111
1100010011000
1110100110111
0110110111001
0010101010011
1011110010011
0001100100001
1000101100000
1101011110101
0011100101101
0111101001011
0110000100110
0100101101100
0000100011101
1101001010101
1000111110111
0011011000000
0001101111110
1111010100101
1110000001110
1001000010000
1111001101110
0111111011101
1010110100110
0000010100110
1011111010011
0110000100111
1000101111111
0101010010100
1011000000000
1101011111011
1101010110111
1111111010100
0000110100001
1001001010011
0001011010011
1100110001110
0010110101111
0000110100000
1011001011111
1110101110101
1101000010101
1100001011110
0000111111101
0011000110101
0010010111000
1011110001101
1111100011110
0011100110000
0100100110000
0101001000000
0000001101111
1001001010001
0110100111110
0000001101110
1011010010100
0101001011101
0111001001110
1001101001010
1110010000111
0000101101010
1001000001101
0111111000000
1101100010011
0001010001111
1001110000001
0110101100001
1101101010000
0111000001111
0011101110010
1011111001100
1100111001100
0000110100010
1010100101100
0000000101100
0010111101110
0001011001100
1111100000000
1100011010111
1111101000101
1110001101000
0101100000000
1010110011100
1001010010111
1000001100001
1100000011101
1000010001111
0011110100111
0101111001010
0010000010000
0010110010001
0110011110010
0100000010000
0100000010001
0100101111111
0110111000101
0110111000100
1111001110000
0010101111100
1011000110110
0111010001100
1101100001110
1010101110010
0111111100011
0011100011101
1101011100011
0101011101101
1110011111111
1110011111110
0110111000111
1101011010010
1100110011100
1100010100100
1101110111010
1110111011011
0111101010110
0000010000011
1010101110000
0010000100001
1011100010001
1111010000001
0101011101110
0110010001010
0100011011001
0101110010110
1000100110100
0001110001101
1110001011000
0100000100010
1011100001111
1101000110110
1110000110100
1011110110111
0000111011100
0100110001110
1110101000010
1010110101111
1110100111101
1001011001011
0010110001100
0101000010100
0001110001100
1000011110110
1111110001011
1011000110101
1000111111101
1111000001010
0100110001101
1101111011011
1001010011011
1110101000001
0110001111001
1101000110100
0011011011101
1011101110100
1010110101101
1101001011010
1001101011111
1000001111101
1000001111100
0101011011110
0110100011101
1010011000100
1111111110010
1111110001000
0001001110111
1110111010110
0011001001000
1101111011000
0010011101000
0101011000011
0101010111101
0000100100101
1000111100001
1000101101010
1011101110111
0100010110110
0101000101011
1010011000111
1110100100011
0010111110100
0101011110011
1101110000110
0111101011000
0000100100111
1100011001011
0010101100000
0110111001011
1110110110101
1011011100010
1000111001101
1110101011100
1001100111110
0000110001011
1100100000101
0100001000011
1010010010110
1100000110010
0011010111100
0100101010001
0110101010000
1100101011101
1001100111101
1000101010101
0011110011010
1010010010101
1010010101000
0110001001001
1001101110000
1110100001100
1000010100011
1101100100011
0011110011011
1101110110100
1010100000101
0100101010010
1011100100001
0001010110101
1010001001110
1010011111001
1000001010010
0111010111111
0001110010000
0101101100110
1110110111000
1010101011101
1001100100000
0110011101100
1010000000010
1001001100111
1010100000110
1011100100010
0110110010101
1011001101011
0010111000011
1110001100101
0011110101011
1010011111010
1000000011001
0001101001100
1001000101100
1100000110001
0011000101010
0101101100101
1110000111001
0010011010110
1011101111011
1001000101101
1101100111111
0010000001110
0111000101010
0001010110111
1011001101000
1110001100110
0110000001100
1100110110000
0110000010100
0110101001100
1101100111101
1011001100101
1110100010000
1101101110101
1001110110110
0011010100001
1000111010001
0001100011010
0111001100010
0100010111011
1111011001101
1110100010011
0100011100110
1101101110110
1111011001110
1100110101101
1100111100100
1000101011000
0000000001011
1010000011101
0011000010100
0011101001101
1111100100111
1010111010010
1100110101100
0000010011101
1100111100111
0010011011000
1010001010010
1010111010000
1011110111010
0011110010101
0111001111111
1001101101111
1000000010100
0101111111110
0001001000001
0111001001011
0000110010000
0111100000010
0001100011100
0100101001001
1101111100101
1100011110110
0111110101101
1011010011100
0011111111101
1010001100010
0111100000011
0011101010001
0011101101010
1100001010101
1010011110101
1010100111000
0101111111100
1110010100111
1011010101011
0111001001000
0000110010011
1000110011101
0110101100101
0001011010100
1110110000110
1011010011111
0101101101011
1001001011011
0000010110001
0001111000010
0100010001001
1000100001000
1110101110010
0001001000010
1101010011001
0111111001011
0101001111111
0101001111110
1010001010100
0110110001100
0110010111011
1101101000111
1101101000110
0100111101110
0010100110000
1011101101100
1010001111110
1111011011001
0011100110101
0110110001111
1100110110111
0100001011100
0010100110011
0010100110010
0000101111111
0000100011011
1010100110101
0111100011100
1001100001100
1001110101111
0011110001111
1000010100100
0101100110010
0110010110101
1110101101100
1000110101100
0101010001101
1100011111001
0110011011001
0000000010010
0011000001101
1101010010111
0011000001100
0111011000011
1010100110111
1101001100100
1101001100101
0100001110011
1101000000011
0110010110110
0100010000111
0011010000110
0011111100010
0110011011011
0000000010001
0010101001010
1010011110111
0001101001011
0111110010111
1111011010101
0001111000001
0001100101010
0010001011110
1100100111100
1110110000100
0001111011101
1011111010101
1010111100011
1101101001000
0011001100001
1011101011110
0010101001000
0001000111100
1111111000011
0111101110000
1000111001110
0010001110100
0001110111101
1111000111000
0001100101000
1010010011011
1011101000000
1110000000100
1100100111111
0100111000010
1101101101100
1111000111001
1111001000010
1101000011110
1111011111101
0111000011001
0110110100001
0010111110110
0011100111000
0001100100100
0000000110110
1100010010011
0110111111111
1001111010110
0111111000101
0011010001010
1010000110000
1000110110011
1110011010001
1100010101010
0101010111010
0010011101110
1011011001110
1111111011110
0110100110100
0100000111111
1110010011101
1011001010110
0110110100010
1010000110011
1111000010010
1011000000100
0010100011000
1010111111100
1111100010111
0100001110001
0110001111110
0111110011000
0111001000101
1111101001001
0010100011011
1111001011101
1011110000111
1010111111110
0000101100010
1000000110000
0110111111101
0001101100100
0101000010111
0000011111100
0010011110010
1010011001010
1011010000001
0000000111000
0101001000110
0000001101000
1000101100101
0110110111100
0000000111001
0101101001101
1001111011001
1000011001001
0110100101010
1010101100111
1100111011001
0010111111010
1111110010000
1100000011011
1011001011000
1101010101100
0110100101000
1011111011001
1010101100100
1100001011001
1001000000100
1010110110001
1110011010010
1010100111010
0010100010110
0110101100110
1011110001011
1101111101011
0001011011000
0110100111000
0101111000111
1011011010000
0111010010011
0010011110000
0111010010001
1111101000110
0000111111001
1011000001001
1111100011011
1101111101000
0010110101000
0101001000101
0010010110011
0100100100100
0110111011100
0001000001000
0000001111010
1000101000011
1111111111001
0111101011111
1111010000110
1010000010111
1010000101001
0100011001100
0100010111100
0000100111100
1001101010111
1000100110010
0000101001101
1000001111011
1010011001100
1010011001101
1110100100110
0011000111111
1011000111110
0111101011100
1011100000110
0000010001000
1100010110001
0000001100101
0100011001110
1100010110000
0000101001111
0111111111010
1001101101011
1110100100100
0010110010110
1111101010001
0101001001100
0000111101011
1001010010010
0100101111000
1000111101011
0101000100000
1101111001110
0100000101011
0000111101000
0100101111010
1011110110000
1100011000000
0001010011110
0110111000000
0101110101100
1001110001010
1101111001111
0001000000110
0000001010110
1101110010001
0110011100111
1110100101011
0101011111011
0000101010011
0011000100011
1100100001111
0011100010111
0111010101001
1000111100101
0010000000110
0111100111111
1101111001101
1110001011111
0110011100100
0101011111001
1110101011010
1001010100011
0001111111111
0100000011010
1011011111000
1011011111001
1010011010001
0111010101011
1101001000000
0000110110101
0001000000101
1110001011100
0011110101100
0000010001010
1101000110011
1000111011011
1111000001100
1100101110110
0100011010000
1001010111110
1010010111111
0111101000001
1100010101111
1110111010001
0000001010101
1101001011111
0001001110000
0011000100000
1010000101010
1111001100100
0010000000100
0110010000000
1000111100110
1000001111000
0111011111100
0000001011000
0101011001000
0001001101100
1001000101010
0011011110100
1010001011011
1010100010010
0110001001111
1010101010111
0111100100010
0111010100111
1100111110010
1000000001110
1010101010110
0010000001000
1111110110101
1100110100110
1110100011010
1000001000111
1010110001010
1010110001011
1111101111110
1001001101110
0001101001000
0101100111010
0011011110111
1011100111011
0110100000101
0000000001101
1100111110001
0010000001011
0010001000111
0001010110011
1001111100011
1011111101111
0010010011100
0101011110100
1101100100100
1000100011111
0110101000111
0110000001000
0101001100011
0011010111001
1101101110001
0001111100000
0111110110110
1010010010000
1110101101011
0111101100001
1010011100001
1110110111110
0111010100100
0101001100001
1010011100000
0011001011100
1001100100110
1000001000101
0000111000100
1110100011001
0111111110111
1110000101111
0110010101110
1010111000101
0100010100011
0101110110011
1110011100111
1010000011000
1000101011100
1110111100011
0011101011011
0011101011010
1010100001100
0100101011011
1110000101101
0000111001010
1110000101100
1000000010011
0001100000001
0010010011111
0001010101101
1110111100000
1011001111100
0111110111011
1011010110111
0001110101010
1101010000000
1001111111100
1000011101111
0011011111011
0111000101100
0110001010010
0110110011110
0100011100001
1111011001000
0101110110001
1111010001011
1000110010110
0110100001011
1000010101001
0110000010011
0010010000001
0110011101011
0100101011000
1111100111100
0100011100010
0000101110100
1101101011100
1100100111001
1111110101110
0010111010111
0000010110111
1100010001011
1111100001101
0000011000110
0010101000010
1101111111101
0010100100110
1011111110001
1001100011000
0110101110010
0100001010111
0100100100001
1110010100001
1100111011111
0001011101000
1000010110010
1101101101010
1101000001011
1001011010110
1010001100111
0000110000100
0000110000101
1000011000010
0001000110100
1101010011101
0110010101101
0011101100011
1011100110100
0101001111000
1101000001001
0101010000100
1100101001000
1101010101001
1110010100010
1110010100011
0001000111010
0010001110011
1010011111100
1111001011010
1111001011011
0011000011011
0011000011010
0010111011001
1001100010100
0100100010111
0111011011010
0101010101111
1110010010100
1101101000011
1000001001000
0011001100100
0100001100101
0010001110001
0001011101011
0111110010001
0000010111010
1011101000101
1010111111011
1110000000001
0110011000001
0100001011001
1111110110011
0111100011001
0101100110110
0011111111000
0101111101001
1100101000100
1111010110100
1111000111111
1001001101001
1010010001100
0110011011101
0010001000100
0100001100110
0000000010111
1011010101110
1011010101111
1001011111111
0011010010000
0101111101010
1111000100000
0011110001000
0111100011010
0011001100110
1111000011000
0011011001100
0100010010011
1100001001100
1011000010011
0010010101001
0100110111001
0010101101001
1000000110111
0010110111101
0101000010011
1111010111000
1011010001001
1111010111001
0100000100100
0011011001111
0100111001001
0010010101011
0111000000001
0010010101010
1001110010010
1000000110101
1001111010000
1111011110110
0000101111011
0110110100100
1101111010111
0001101110011
1011100001010
0010100101011
0110000111011
0100111110110
0101000010001
0011010001101
0100101100011
0010111111111
0000101010000
0111111010010
0100111110101
0110100110001
0010101011111
1000101101101
0010100000001
1111110000101
1001101011010
1011110011110
0111000011110
1111101001110
1001110001100
0101111000010
0011110110111
0010010100111
0100110110111
1010000100111
1101011100110
1001001011100
1110111001101
0001001001011
0111010010110
0000111110011
0111010010101
0000111110010
1100000001100
1100000001101
1010101111110
1100011000101
1000100101101
0100110110100
0010110100010
1010000100100
1101111100010
0101000001111
0001011011111
1100010000110
0101111000001
0000011110110
0101110011100
1101100011111
0001010000011
1011010000100
1011000001110
1111001010100
0111011010101
0110001110101
1010100100000
0101101001001
0101001010010
0101110011111
0000011110101
1000101110011
1101100011100
0110100101101
0111110001110
0101101001010
0011100111110
0111011010110
1001010010101
0000110101101
0010010100100
0000001100000
1100111000011
1001001011110
0000000100011
0000000100010
0001011000010
0111111001100
1010101100001
1111011111011
