011010110
010011110
000111111
000111110
001001001
001110000
001110001
111111111
000100111
111001010
001001010
111100100
000111000
100000110
101000101
001111100
001110011
101000100
011101010
110100110
111111100
111110011
000100110
100011000
011011100
011010010
111111010
110111000
000001001
111100111
000111011
010000110
001001100
001000011
001111111
001111110
011101100
110101110
111001001
110101111
010010001
011010000
110111011
111100001
100000011
001001111
000001011
001111001
001111000
101000001
111001111
110100011
110101100
111111001
111111000
000101100
110010110
000100011
001011000
001100111
000000011
110110010
000001100
000110101
000001101
000110100
001000111
001000110
110111101
111000011
101000010
010010101
111110101
111001100
110011100
001011011
001100100
111011011
101100000
110111110
000110110
000001110
010010110
110010011
110011110
110011111
001010010
001010011
001011101
000011010
111011000
000000111
000110000
000110001
110110111
101001000
111000110
001110101
111110001
000011011
111110000
110011001
001011110
111011111
111011110
000110011
000111101
110000111
000110010
110110000
001110110
110110001
001110111
100101000
111110110
000011001
001010111
111011100
100100001
111010010
111011101
111010011
001101001
001101000
000011111
110011010
001010001
111010001
001101111
011001110
010111010
010001010
110001101
110110100
001101110
000011100
100100100
001100011
111010111
001101101
100100101
111010110
110001110
011110100
001100010
100010100
001010100
111010100
001100001
000010111
000010110
001111010
111101101
110001011
010110110
010000011
010001100
111100010
001111011
011100110
110101010
100010001
000101111
000101110
010101110
011011110
011111000
010110000
111101110
100110000
011100000
110101001
000101001
010011010
011111110
010110010
010111100
010001001
111101000
011001100
000101010
010100001
000101011
101010000
011110010
010111110
111101011
010001111
011000001
010001110
001101011
011011010
