011010110
010011110
101011100
101010011
000111111
000111110
001001001
011101001
111111111
000100111
101011111
111001010
001001010
100000110
101000101
101101010
001111100
001110011
101000100
011101010
110100110
111111100
111110011
000100110
100011000
011011100
011010011
111111010
101011001
000001001
111100111
000111011
010000110
001001100
001000011
001111111
001111110
011101100
011100011
110101110
111001001
110101111
010010001
101011010
110111011
100000011
001001111
000001011
001111001
101000001
011101111
111001111
110100011
110101100
111111001
000101100
110010110
000100011
001100111
101101100
101100011
000000011
000001100
000001101
001000111
001000110
110111101
111000011
101000010
010010101
111001100
110011100
001011011
111011011
110111110
000110110
000001110
010010110
110010011
110011110
110011111
001010011
001011101
000011010
000000111
101101001
110110111
101001000
111000110
101111011
000011011
110011001
001011110
111011111
111011110
101101111
000110011
000111101
110000111
001110110
001110111
100101000
111110110
000011001
001010111
111011100
100100001
111011101
111010011
001101001
010111001
101111110
000011111
110011010
001101111
011001110
100111010
010111010
010111011
010001010
110001101
011110111
001101110
000011100
100100100
001100011
111010111
001101101
100100101
111010110
101100110
110001110
100111001
100010100
100111111
100111110
000010111
101111101
000010110
011011001
011111011
001111010
111101101
110001011
010110110
010110111
010000011
100111100
100110011
010001100
001111011
011100110
110101010
100010001
000101111
000101110
010101110
011011111
011011110
111101110
110101001
101110111
000101001
101010111
010011010
101010110
011111110
010111100
010110011
100110111
010001001
100110110
011001100
000101010
010100001
000101011
010111110
010111111
111101011
010001111
011000001
010001110
011111101
001101011
011011010
