011010110
000100101
010011110
000111111
000111110
100000000
001001001
001110000
001110001
011101001
110100000
010011111
000100111
011010101
010011000
001001010
000111000
100000110
101000101
001111100
001110011
101000100
011101010
000100110
100011000
011011100
000100001
011010011
011010010
000001001
000111011
010000110
001001100
000001000
001000011
001111111
001111110
011101100
011100011
010010001
010010000
010101011
000100000
011010000
010000101
010000100
100000011
010110101
001001111
000001011
001111001
001111000
101000001
011101111
110100011
010011101
010010011
000101100
010101000
000100011
001011000
001100111
000000011
110110010
000001100
000110101
000001101
000110100
001000111
001000110
000000010
101000010
010010101
010010100
110010001
110010000
001011011
001100100
101100000
000110110
001000001
001000000
000001110
111000000
010010111
010010110
110010011
110010010
001010010
001010011
001011101
000011010
000000111
000110000
000110001
110000100
101001000
001110101
000011011
111110000
001011110
000000001
000000000
000110011
000111101
110000111
000110010
001000101
110110000
001110110
110110001
001110111
100101000
000011001
001010111
100100001
001101001
011001000
010111001
110000001
011110001
001101000
000011111
010100100
001010001
001101111
000000101
000000100
011001110
010111010
010111011
110000010
010001010
011110111
001101110
000010010
100100010
000011100
100100100
001100011
001101101
100100101
011110100
000010000
001100010
000010001
100010100
001010100
001100001
011001011
000010111
000010110
011011001
011111011
001111010
010110110
010110111
010000011
011000111
100110011
010001100
010000010
001111011
011100110
000010101
100010001
000101111
000101110
010101110
011011111
011011110
011111000
010110000
010110001
100110000
010000000
011000100
011100000
010100010
010101101
000101001
010011011
010011010
011111110
011000010
010110010
010111100
010110011
010001001
011001101
011000011
011001100
100000101
000101010
010100001
000101011
101010000
011110010
011100101
010111110
010111111
010001111
011000001
010001110
011111101
001101011
100010011
011011010
010100111
100010010
