011010110
010011110
000111111
000111110
001001001
001110000
001110001
110100000
000100111
001001010
000111000
100000110
101000101
001111100
001110011
101000100
011101010
000100110
100011000
011011100
011010010
000001001
000111011
010000110
001001100
001000011
001111111
001111110
011101100
010010001
011010000
100000011
001001111
000001011
001111001
001111000
101000001
000101100
000100011
001011000
001100111
000000011
110110010
000001100
000110101
000001101
000110100
001000111
001000110
101000010
010010101
110010000
001011011
001100100
101100000
000110110
000001110
111000000
010010110
110010010
001010010
001010011
001011101
000011010
000000111
000110000
000110001
110000100
101001000
001110101
000011011
111110000
001011110
000110011
000111101
110000111
000110010
110110000
001110110
001110111
100101000
000011001
001010111
100100001
001101001
110000001
001101000
000011111
001010001
001101111
011001110
010111010
110000010
010001010
001101110
000011100
100100100
001100011
001101101
100100101
011110100
001100010
100010100
001010100
001100001
000010111
000010110
001111010
010110110
010000011
010001100
001111011
011100110
100010001
000101111
000101110
010101110
011011110
011111000
010110000
100110000
011100000
000101001
010011010
011111110
010110010
010111100
010001001
011001100
000101010
010100001
000101011
101010000
011110010
010111110
010001111
011000001
010001110
001101011
011011010
