011010110
010011110
101010011
000111111
000111110
111111111
010011111
100011011
000100111
101011111
100000110
101000101
001110011
101000100
110100110
111110011
000100110
100011000
011010011
111100111
000111011
100001111
010000110
001000011
001111111
001111110
011100011
110101110
110101111
010010001
010101011
110111011
100000011
001001111
000001011
101000001
011101111
111001111
110100011
110010110
000100011
001100111
101100011
000000011
001000111
001000110
111000011
101000010
010010101
100101011
001011011
111011011
110111110
000110110
000001110
101001110
010010110
110010011
110011110
110011111
001010011
000000111
110110111
101001000
111000110
101111011
000011011
100101110
001011110
111011111
111011110
101101111
000110011
110000111
001110110
101001011
001110111
100101000
111110110
001010111
100100001
111010011
101111110
000011111
001101111
011001110
010111011
011110111
001101110
100100100
001100011
111010111
100100101
111010110
101100110
110001110
100010100
011001011
100111111
100111110
000010111
000010110
011111011
110001011
010110110
010110111
010000011
100110011
001111011
011100110
100010001
000101111
000101110
010101110
011011111
011011110
111101110
101110111
101010111
010011011
101010110
011111110
010110011
100110111
100110110
010100001
000101011
100011110
010111110
010111111
111101011
010001111
011000001
010001110
001101011
