101010011
000111111
111111111
010011111
100011011
000100111
101011111
101000101
001110011
101000100
111110011
100011000
011010011
111100111
000111011
100001111
001000011
001111111
101000111
011100011
110101111
010010001
010101011
110111011
100000011
001001111
000001011
101000001
011101111
111001111
110100011
000100011
001100111
101100011
000000011
001000111
111000011
101000010
010010101
100101011
001011011
111011011
010010111
110010011
110011111
001010011
000000111
110110111
101001000
101111011
000011011
111011111
101101111
000110011
110000111
101001011
001110111
100101000
001010111
100100001
111010011
000011111
001101111
010111011
011110111
100100100
001100011
111010111
100100101
100010100
100100111
011001011
100111111
000010111
011111011
110001011
010110111
010000011
011000111
100110011
001111011
100010001
000101111
011011111
101110111
100010111
101010111
010011011
010110011
100110111
010100001
000101011
010111111
111101011
010001111
011000001
001101011
010100111
