01010001011
00000010011
11100000010
11110001101
11010100000
01111110000
01100011111
00011011010
01110111100
11101010011
00001111000
10110110010
01001000000
00001011101
10111110110
00101110101
10000011001
01100101010
11101000110
10100010010
11101110000
00000001011
10011010100
11000011110
00011101101
01110010010
10001100010
10100100101
11011111110
01111011001
00000101110
10010000111
00110000100
11010111001
00110110111
00100110011
00110111001
10011000001
10100001000
01000110101
00101001100
00101000011
10011001110
