11100101
00101100
00100011
00100010
00000001
00000000
11111000
00011011
10000011
00000010
11100110
11010010
11011100
11010011
10101110
00100000
00001101
00000011
10000111
10011011
00110100
01001011
11111010
11000100
01110011
01111100
00001110
00100111
11100000
00101000
00101001
00001111
10110111
11001010
11001011
10110000
00111011
10011111
00010101
00001000
01010111
11101100
11100011
11100010
11010110
00101110
01100111
10110101
01001111
01111010
10110110
00010110
10010011
00010111
00001011
00001010
00101101
11010000
01101111
00110011
10111101
00111101
01000011
11001101
11110100
11001110
01110101
00010000
00111110
00101010
00101011
00111111
11110111
11001000
10111100
00011100
10110011
00010011
00111000
00011101
10010111
11101010
11010101
10100111
11011010
00100110
00000100
00110111
11110010
01000111
11000111
11110001
01110000
00011111
10111010
00100101
00000111
00000110
00011010
00110001
11000001
11111101
01110110
11000010
01110111
00011001
00110010
10001111
01011110
01101011
