10100010
10101101
11100101
00101100
00100011
00100010
00000001
00000000
10000001
11111000
00011011
10000010
10001100
10000011
00000010
11100110
11010010
11011100
11010011
10101110
10101111
00100000
00001101
00000011
10000111
10011010
10011011
00110100
11111011
11111010
11000100
10000000
00001110
00100111
11100000
11011111
10101000
00101000
00101001
00001111
10011000
10000101
10110111
11001010
11001011
10110000
00111011
10011111
00010101
10000110
00001000
11101100
11100011
11100010
11010110
10101011
10101010
00101110
10011110
10110101
10110110
00010110
10010011
00010111
10011101
00001011
00001010
00101101
11101111
11010000
10010010
00110011
10111101
00111101
11001101
11110100
11001110
00010000
10111111
00111110
10010001
11101001
00101010
10100100
00101011
00111111
11110111
11001000
10111100
00011100
10110011
00010011
00111000
10001010
00011101
10010111
11101011
11101010
11010101
10100111
11011010
00100110
00000100
00110111
11110010
11000111
11110001
10010101
00011111
10111011
10001000
10111010
10001001
10010100
00100101
11011001
10100001
00000111
00000110
00011010
00110001
11111110
11000001
11111101
11000010
10111001
00011001
00110010
10001111
01011110
