10100010
11100101
01100100
00101100
00100011
00100010
00000001
00000000
10000001
11111000
01111111
00011011
10000010
10001100
10000011
00000010
01010010
11100110
11010010
11011100
11010011
10101110
10101111
00100000
00001101
00000011
10000111
10011010
10011011
00110100
01001011
11111011
11111010
11000100
01110011
01111100
10000000
00001110
01010001
00100111
11100000
11011111
00101000
01100001
00101001
00001111
10011000
10000101
10110111
01001001
01001000
01111011
11001010
11001011
01001010
10110000
00111011
10011111
00010101
10000110
00001000
01010111
01010110
11101100
11100011
01100010
11100010
11010110
10101011
00101110
01100111
10011110
10110101
01001111
01111010
01111001
10110110
00010110
10010011
00010111
10011101
01010100
00001011
00001010
00101101
11101111
11010000
01010101
01101111
10010010
00110011
10111101
00111101
01001100
01000011
01000010
11001101
11110100
11001110
01110101
00010000
10111111
00111110
10010001
11101001
01101000
00101010
10100100
01101100
00101011
01101101
00111111
01000000
11110111
11001000
10111100
00011100
10110011
00010011
00111000
10001010
00011101
10010111
01011011
11101011
01101110
11101010
11010101
10100111
11011010
00100110
00000100
00110111
01000110
11110010
01000111
11000111
11110001
01110000
10010101
00011111
10111011
10001000
10111010
10001001
10010100
00100101
11011001
10100001
01101001
00000111
00000110
00011010
00110001
11111110
01000101
11000001
11111101
01110110
11000010
01110111
10111001
00011001
00110010
10001111
01011110
01101010
01101011
