11100101
00101100
00100011
00100010
00000001
00000000
11111000
00011011
00000010
11100110
11010010
11011100
11010011
10101110
00100000
00001101
00000011
00110100
11111011
11111010
11000100
00001110
00100111
11100000
11011111
00101000
00101001
00001111
11001010
11001011
00111011
00010101
00001000
11101100
11100011
11100010
11010110
00101110
00010110
00010111
00001011
00001010
00101101
11101111
11010000
00110011
00111101
11001101
11110100
11001110
00010000
00111110
00101010
00101011
00111111
11110111
11001000
00011100
00010011
00111000
00011101
11101011
11101010
11010101
11011010
00100110
00000100
00110111
11110010
11000111
11110001
00011111
00100101
00000111
00000110
00011010
00110001
11111110
11000001
11111101
11000010
00011001
00110010
01011110
