0011101001
1101011110
0001101000
0001110111
0011110110
1110000010
0011010100
1111100110
0010111000
1100101111
0001101111
1100011011
1101011101
1101010011
0101100100
0010000101
0001001001
1101111010
1110110110
0000010001
1110001110
1100000110
0010000110
1111011011
0011000000
0010100000
0011110011
1111100001
1110111011
1110001001
0010011001
1111100011
0001010001
1101000111
1110010101
1100010100
1100100100
0000110110
0011011010
0011000110
0011110000
1100001100
1111001111
1101000001
1111111001
0010111110
0101100011
0000000011
0010110101
0000101111
1010110001
1100110011
0001011110
0011011111
1010101011
0010001111
1110010000
0000001110
1100010001
0001000111
1111010111
0010100011
1100001001
1100110000
1101110110
1110100111
0010001001
0011101100
0001100010
0001111101
1101001010
0000010111
0001011010
1111110000
1010100100
0000001010
0001001100
0000101100
1101101101
1110111100
0101110000
0000010100
0000100001
1111101010
1111000100
0011001011
0000111011
0001100111
