100100001
111011100
100000000
101111110
111111111
110011010
111010000
101101011
100111010
110000011
100000111
101000100
110110101
100011001
111111010
101100111
110111000
111100111
111001001
101110001
101110000
110010100
100010100
100100110
110101101
101011011
110111011
111100001
110001000
100001100
101000001
101111101
101110011
101101100
110110010
101100010
100001010
100001011
100111101
100111100
101001101
111110100
110101011
110101010
110010001
101010101
110011101
101100000
110111110
101001110
110011111
100101111
110100100
101010110
101101001
110000100
100110111
100110110
100000101
101001000
100011110
100110101
110000110
100010010
