000100100
010100101
100100001
111011100
011001000
100000000
001001001
101111110
111111111
110011010
001010000
111010000
101101011
100111010
001001010
110000011
100000111
010001011
101000100
110110101
001111101
010011001
100011001
011010011
111111010
101100111
110111000
111100111
001000011
111001001
101110001
000010001
101110000
010010000
110010100
100010100
000101101
100100110
110101101
101011011
110111011
111100001
110001000
100001100
101000001
011101111
101111101
101110011
001011000
101101100
110110010
101100010
111101101
000110100
100001010
010110110
100001011
100111101
100111100
000000010
101001101
011100110
111000010
111110100
110101011
110101010
110010001
000101110
010101110
101010101
110011101
001100101
111011011
101100000
110111110
111101110
010000000
101001110
110011111
111011001
010011010
100101111
110100100
101010110
101101001
110000100
100110111
100110110
010001001
100000101
101001000
001110100
000011011
100011110
010111111
100110101
110000110
011111100
001110111
011011010
100010010
