011010110
000100100
010100101
100100001
111011100
011001000
010111000
100000000
001001001
101111110
111111111
110011010
001010000
011010100
111010000
101101011
011001110
100111010
001001010
000111001
110000011
100000111
101000100
110110101
100011001
011010011
011011101
111111010
111010111
101100111
110111000
111100111
000111010
001000011
001001100
111001001
101110001
101110000
110010100
100010100
000101101
100100110
110101101
101011011
110111011
111100001
110001000
100001100
101000001
111001111
101111101
101110011
000100011
001011000
101101100
110110010
101100010
000110100
100001010
010110110
100001011
100111101
100111100
001000110
101001101
111000010
111110100
110101011
111001100
110101010
110010001
000101110
010101110
101010101
110011101
111011011
101100000
110111110
011000101
101001110
010100010
000101000
110011111
111011001
100101111
110100100
101010110
101101001
000110000
010110011
110000100
100110111
100110110
100000101
101001000
010100001
100011110
001011110
001011111
010111111
100110101
001000101
110000110
011011010
100010010
