000100100
010100101
100100001
111011100
011001000
100000000
001001001
011110001
101111110
111111111
110011010
111010000
101101011
011001110
100111010
001001010
110000011
100000111
010001011
101000100
001110010
110110101
000011100
010011001
100011001
011011101
111111010
101100111
110111000
111100111
001001100
111001001
101110001
101110000
110010100
100010100
100100110
110101101
101011011
001100001
110111011
111100001
110001000
100001100
101000001
111001111
101111101
101110011
000100011
001011000
101101100
110110010
101100010
000001101
000110100
100001010
010110110
100001011
100111101
010001100
100111100
111100010
101001101
011100110
111110100
110101011
111001100
110101010
110010001
101010101
110011101
001100101
111011011
101100000
110111110
000001111
101001110
011100000
010100010
110011111
111011001
010011010
100101111
110100100
101010110
101101001
000110000
010110011
110000100
100110111
100110110
010001001
100000101
101001000
001110100
000011011
010100001
100011110
001011110
001011111
011110010
100110101
110000110
001110111
011011010
100010010
