011010110
000100100
100100001
111011100
011001000
100000000
101111110
111111111
110011010
011010100
111010000
101101011
011001110
100111010
000111001
110000011
100000111
010001011
101000100
001110010
110110101
001111101
010011001
100011001
011010011
011011101
111111010
111010111
101100111
110111000
010000111
111100111
000111010
111001001
101110001
101110000
010010000
110010100
100010100
000101101
100100110
110101101
101011011
001100001
110111011
111100001
110001000
100001100
101000001
111001111
101111101
101110011
000100011
101101100
110110010
101100010
000110100
100001010
100001011
100111101
010001100
100111100
101001101
001111011
111000010
111110100
110101011
111001100
010010101
110101010
110010001
000101110
101010101
110011101
001100101
111011011
101100000
110111110
011000101
010000000
101001110
010010110
000101000
110011111
111011001
010011010
100101111
110100100
101010110
101101001
000110000
110000100
100110111
100110110
010001001
100000101
101001000
001110100
100011110
100110101
110000110
001110111
001101010
011011010
100010010
