011010110
000100100
010100101
100100001
111011100
010111000
100000000
011101000
011110001
101111110
111111111
110011010
111010000
101101011
011001110
100111010
001001010
000111001
110000011
100000111
010001011
101000100
110110101
001111101
100011001
011010011
111111010
111010111
101100111
110111000
010000111
111100111
001000011
111001001
101110001
101110000
110010100
100010100
000101101
100100110
110101101
101011011
001100001
110111011
111100001
110001000
100001100
101000001
000010111
111001111
101111101
101110011
101101100
110110010
101100010
111101101
000110100
100001010
100001011
100111101
100111100
001000110
000000010
101001101
111000010
111110100
110101011
110101010
110010001
101010101
110011101
001100101
111011011
101100000
110111110
000001111
101001110
011111001
011100000
010010110
000101000
110011111
010011010
100101111
110100100
101010110
101101001
000110000
110000100
100110111
100110110
100000101
101001000
001110100
000011011
010100001
100011110
001011110
001011111
100110101
110000110
011111100
011011010
100010010
