011010110
100100001
011001000
001001001
101111110
111111111
001010000
011010100
101101011
011001110
100111010
001001010
010001011
110110101
000011100
010011001
011010011
011011101
111111010
111010111
101100111
110111000
010000111
111100111
001000011
001001100
101110001
000010001
101110000
010010000
100100110
110101101
110111011
111100001
000010111
111001111
101111101
101110011
001011000
101101100
110110010
101100010
000001101
100111101
010001100
100111100
001000110
000000010
111000010
111110100
110101011
111001100
010010101
110101010
111011011
101100000
110111110
000001111
011000101
010000000
010010110
111011001
010011010
100101111
110100100
101101001
100110111
100110110
010001001
000011011
001011110
001011111
100110101
001000101
011011010
