011010110
100100001
111011100
010111000
100000000
011101000
101111110
111111111
110011010
001010000
011010100
111010000
101101011
100111010
000111001
110000011
100000111
101000100
011101011
110110101
001111101
100011001
011010011
111111010
111010111
101100111
110111000
010000111
111100111
000111010
001000011
111001001
101110001
000010001
101110000
010010000
110010100
100010100
000101101
100100110
110101101
101011011
110111011
111100001
110001000
100001100
101000001
011101111
000010111
101111101
101110011
101101100
110110010
101100010
111101101
100001010
100001011
100111101
100111100
001000110
000000010
101001101
001111011
111000010
111110100
110101011
010010101
110101010
110010001
000101110
010101110
101010101
110011101
101100000
110111110
011000101
111101110
010000000
101001110
011111001
010010110
000101000
110011111
100101111
110100100
101010110
101101001
110000100
100110111
100110110
100000101
101001000
100011110
010111111
100110101
001000101
110000110
011111100
001101010
100010010
