010100101
100100001
111011100
010111000
100000000
001001001
011101000
011110001
101111110
111111111
110011010
001010000
111010000
101101011
100111010
001001010
110000011
100000111
101000100
011101011
110110101
000011100
100011001
111111010
101100111
110111000
111100111
001000011
001001100
111001001
101110001
000010001
101110000
110010100
100010100
100100110
110101101
101011011
110111011
111100001
110001000
100001100
101000001
011101111
000010111
101111101
101110011
001011000
101101100
110110010
101100010
111101101
000001101
100001010
010110110
100001011
100111101
100111100
001000110
111100010
000000010
101001101
011100110
111110100
110101011
110101010
110010001
010101110
101010101
110011101
101100000
110111110
000001111
111101110
101001110
011111001
011100000
010100010
110011111
100101111
110100100
101010110
101101001
010110011
110000100
100110111
100110110
100000101
101001000
000011011
010100001
100011110
001011110
001011111
011110010
010111111
100110101
001000101
110000110
011111100
100010010
