011010111
101010011
000111110
111111110
000100111
101011111
111001010
001001010
100000111
101000101
001110011
011101010
111111101
000100110
100011000
011010011
011011101
111111010
101011001
111100110
000001001
111100111
000111011
100001110
100001111
010000110
001111111
110111001
011100011
111001001
110101111
010010001
111111011
000101101
101011010
110101101
000001010
001001111
001111001
101000001
011101111
111001110
111001111
001100110
101100011
000000011
001000111
110110011
101001101
111000011
010010101
111001101
001011011
111011011
110111110
000110111
000001110
010010110
110011110
110011111
001011101
100101111
101101001
000000110
110110111
101001000
101111011
110011001
001011110
111011111
101101111
101101110
110000111
110000110
100101000
111110110
000011001
001010110
001010111
100100001
101111110
000011111
110011010
100101101
100111010
011001110
010111010
010111011
110000011
010001011
011110110
011110111
000010011
001101110
001101101
111010111
100100101
110001111
100111001
011001010
100111111
101111101
001111010
111101101
010001101
110001010
010110110
100111101
010000011
011000110
110101011
100010001
010101110
011011110
011000101
011111001
101110111
101110110
010011010
101010110
010110011
010111101
011111111
000101011
010111111
111101011
010001111
111101010
001101011
100011101
011011010
