011010111
110100001
000111110
011101000
001110001
000100111
011010100
001001010
000111000
100000111
101000101
001110011
001111100
011101010
000100110
100011000
011010011
000100001
011011101
000001001
000111011
001000010
010000110
001001100
001111111
011101100
011100011
010010001
010010000
000100000
000101101
011010001
010010010
111100000
100000010
000001010
001001111
001111001
101000000
101000001
011101111
110100010
010011100
010101001
000101100
010101000
001011000
001100110
000000011
000110101
000110100
001000111
110110011
010010101
001011011
001100101
000110111
001000001
000001110
111000000
010010111
010010110
110010010
001011101
000000110
000110001
110000100
110000101
101001000
001110100
001011110
000000000
110000111
001000100
000110010
110000110
110110000
000011000
100101000
000011001
001010110
001010111
100100001
010111000
110000000
011001001
011110000
001101000
000011111
010100100
001010000
100100011
000000101
011001110
010111010
010111011
110000011
010001011
011110110
011110111
000010011
001101110
000010010
000011100
001101101
100100101
011110101
001100010
101110000
011001011
011001010
011011000
001111010
010001101
010110110
010001100
010000011
011000110
100110010
000010100
000010101
100010000
100010001
010101110
011011110
011100001
010000001
010110001
011000101
011111001
011100000
010100010
010011011
010011010
010110011
010111101
100000100
010001000
011111111
000101011
101010000
011100101
011110010
010111111
010001111
011000000
011111100
001101011
100010011
010100111
011011010
