011010111
101011100
101010011
000111110
001110001
111111110
000100111
101011111
111001010
001001010
000111000
100000111
101000101
001110011
001111100
011101010
111111101
000100110
100011000
011010011
011011101
111111010
101011001
111100110
000001001
111100111
000111011
010000110
001001100
001111111
110111001
011101100
011100011
111001001
110101111
010010001
111111011
000101101
101011010
110101101
000001010
001001111
001111001
101000001
011101111
111001110
111001111
110101100
010011100
111111000
000101100
001100110
101100011
000000011
000110101
000110100
001000111
110110011
111000011
111110100
111110101
111001100
010010101
111001101
001011011
110011100
111011011
110111110
000110111
000001110
010010110
110011110
110011111
001011101
101101001
000000110
000110001
110110111
101001000
001110100
111110001
101111011
110011001
001011110
111011111
101101111
101101110
110000111
000110010
110000110
110110000
100101000
111110110
000011001
001010110
001010111
100100001
111011100
010111000
011110000
101111110
000011111
110011010
011001110
010111010
110000011
010001011
110110100
011110110
011110111
000010011
001101110
000011100
001101101
111010111
100100101
110001111
011110101
101110001
101110000
011001010
101110010
101111101
101111100
001111010
111101101
010001101
110001010
010110110
010001100
010000011
011000110
100110010
110101011
100010001
010101110
011011110
011000101
011111001
101110111
101110110
010011010
101010110
011111111
000101011
011110010
111101011
010001111
111101010
011111100
001101011
011011010
