011010111
101010011
100011011
000100111
101011111
100000111
101000101
001110011
100011000
011010011
111100111
000111011
100001111
001111111
011100011
110101111
010010001
111111011
001001111
101000001
011101111
111001111
101100011
000000011
001000111
110110011
111000011
010010101
001011011
111011011
000110111
010010111
110011111
100101111
110110111
101001000
101111011
111011111
101101111
110000111
101001011
100101000
001010111
100100001
000011111
010111011
110000011
010001011
011110111
000010011
111010111
100100101
110001111
011001011
100111111
010000011
110101011
100010001
011000101
101110111
010011011
010110011
011111111
000101011
010111111
111101011
010001111
001101011
010100111
