000111110
011101000
001110001
000100111
011010100
001001010
000111000
100000111
101000101
001110011
001111100
011101010
000100110
100011000
000001001
000111011
010000110
001001100
001111111
011101100
010010001
000101101
111100000
000001010
001001111
001111001
101000001
110100010
010011100
000101100
001011000
001100110
000000011
000110101
000110100
001000111
010010101
001011011
001100101
000110111
000001110
111000000
010010110
110010010
001011101
000000110
000110001
110000100
110000101
101001000
001110100
001011110
110000111
000110010
110000110
110110000
100101000
000011001
001010110
001010111
100100001
010111000
110000000
011110000
001101000
000011111
001010000
011001110
010111010
110000011
010001011
011110110
000010011
001101110
000011100
001101101
100100101
001100010
101110000
011001010
011011000
001111010
010001101
010110110
010001100
010000011
011000110
100110010
100010001
010101110
011011110
011000101
011100000
010011010
000101011
101010000
011110010
010001111
011111100
001101011
011011010
