011010111
101010011
000111110
111111110
100011011
000100111
101011111
100000111
101000101
001110011
000100110
100011000
011010011
111100110
111100111
000111011
100001110
100001111
010000110
001111111
011100011
110101111
010010001
111111011
001001111
101000001
011101111
111001110
111001111
001100110
101100011
000000011
001000111
110110011
111000011
010010101
001011011
111011011
110111110
000110111
000001110
010010110
110011110
110011111
100101111
000000110
110110111
101001000
101111011
001011110
111011111
101101111
101101110
110000111
110000110
101001011
100101000
111110110
001010110
001010111
100100001
101111110
000011111
011001110
010111011
110000011
010001011
011110110
011110111
000010011
001101110
111010111
100100101
110001111
011001011
100111111
010110110
010000011
011000110
110101011
100010001
010101110
011011110
011000101
101110111
101110110
010011011
101010110
010110011
011111111
000101011
010111111
111101011
010001111
001101011
