10110011110
11000100101
11110111010
11011101110
00010001111
11111001001
00001100011
11111001000
00001101100
00001100010
00100111000
00011110101
00100111010
00010001100
00111100010
00001101111
00111010001
00001101110
00111101101
11011011101
11011010010
11011010011
11011011100
11001001010
00011110110
00101001010
10110000000
10110000001
11110101000
01111111001
00111101110
00010000000
00111010010
00111011100
00010000001
00111101111
11011011110
10110000010
10110001100
01111100111
00101001001
00001010001
11001000100
11001011000
10101100001
11001011001
00100110100
01110001110
01110001111
01110001101
11001000111
11111000110
10101100010
00100110111
01110000010
01110000001
10111110101
00011111000
01111110101
00101011011
00101011010
00100100110
11111011001
11000111010
00011111011
11000111001
11110100110
10110011101
00101011000
11110111001
11000100110
00100100100
01111110110
10110010010
11001011010
11111011010
11110100111
00101000110
11001101000
11110000111
00000001000
00000001001
11001010110
00001000000
11010111111
11010111110
11001101001
00111001110
10111001110
00110001010
00110001011
00000001011
01110010010
11110011000
01111010111
11111101011
11111101010
11000000110
10111001101
11000000111
00001011111
00001011110
11101001111
11101001110
11011111101
11011110011
11011111100
11000101010
11111000101
01111010100
11111010111
10111000001
11000000100
11010111101
00001011100
00001010010
11110000100
11000101000
11011110000
11010110010
11010110011
00000011001
11101000000
11010101110
00111011111
11100010001
00000000111
01111111010
10110001111
11100001111
11101000011
01110101111
11011111111
11100010010
11110010110
11111010100
00000011010
00010011100
11100001100
11100000011
11010100000
00011010100
00011010101
11000010111
11100011110
11110010101
00110001001
11011101101
00010010010
00111000000
00010010001
01111101000
11100000000
11010101101
11010100011
11000010101
00001000011
00001001101
00111000010
00111001100
00111000011
00101110110
11001110110
01111001001
01110100111
11001110111
11010011110
00011011010
01110111000
00101110101
01110100100
11111111000
01111001010
01110100101
01111001011
00000101110
11000001011
00110011000
11010101010
11111110111
11111111011
00110000110
00110000111
00011000100
11101010111
00011011001
11001110101
11111110100
00000000100
00110000100
00011000111
01110111011
11101010101
11010000000
10111000111
11101100011
11101101101
00011001011
11110001001
01111000110
00010111010
00101100111
00011101010
00100001101
01111011011
00010100110
00100000010
11110001000
11001100111
01110110110
10111000100
01110110101
00010111001
11001111011
11000011010
00011101001
00101100100
01111011000
00100001110
11110001010
11110001011
10110110001
11111100111
11000001001
11010010001
10111010101
11000001000
00000010100
00000010101
00110010101
00011001000
01111000100
00100000000
11001100101
11001100100
00011001001
00110111110
00100010010
10111110001
00100011100
11101111100
11101110010
01110011001
00101101001
00000110000
11011001110
11100100001
00111110000
00110110010
00100011111
11011001101
11101111111
00011100111
01110011010
01110011011
00100101011
00000110011
00000111100
00110111101
00110110011
10110111100
10111111111
11100101110
10111111110
11011000000
11011000001
11110110101
00011100100
00100101000
00110110001
10110110010
00101111011
10110111111
10111110011
11100100010
10111111101
00100010001
10111110010
11110110111
11100101101
11000110100
11100110000
11100110001
00110101100
11010001100
00001111101
11010000010
00111100001
00110101110
00001110001
00001110000
11010001111
00111110011
00111111101
00000101101
11100111110
10110100011
10110101101
00000111111
00010110100
00010110101
00000100001
11100110011
11100111101
10110101110
00101101010
00110100001
00110100000
00000100000
10111100011
10111101100
10111101101
00001111111
11011101000
11100000110
11000111111
11110100000
00111101000
11100011011
00100111110
11110100001
11000111110
00101001111
10110000101
00001111010
11110100011
11110100010
11100000101
10110011001
01111111101
01111110011
01111111100
00111101011
00111010110
11110101101
11000110010
00001111011
00101000010
00101001100
00101000011
11000110001
11110101111
10110011011
01111111111
10110011010
11011101011
00001101000
01110001000
00010011011
00011110001
00011110010
11100101010
11010110101
11100101011
10110010100
11110110000
11000101111
00101011110
00100100011
00100101100
11111000001
00001101011
00100100010
00110110100
00011110011
00011111100
00011111110
00001010111
11100101000
00101010011
10110010111
11110111100
11000101100
11000100011
00100100001
00101011101
11001011110
11001011111
11100101001
11010110110
11001000001
11000100000
11111001110
10101100101
10101100100
00100110001
00100110000
00101000001
01110000111
11001001101
11001000011
11001001100
11001000010
00010001010
00010001011
11111000010
11111001100
11111000011
11011010100
11011010101
00100111101
01110000110
00010010111
01110000101
00010010110
10111001000
11010100100
11101001010
11011110110
11000011101
11000011100
11000010011
01111010001
00010101000
11111011101
00001011000
11110000001
11010100111
11011110101
11000010000
11111011111
00001000110
11010111000
11001100010
11100010100
11110011111
11001011101
11100010101
11001010011
00001000100
00001000101
00111001011
11111101111
11001101110
11101001001
01110010111
11110010011
11110011100
11001010000
11111010000
11100001010
11001101111
00010011001
00001001010
01110101001
00011010000
11011111001
00010000110
01110010100
10111011010
10111011011
11110010000
11110010001
00110000011
01011100101
00110001100
00110001101
00111000101
01111100011
01011100110
00011010011
11010101001
00011011101
00111011001
00010000101
00000000001
00001001001
11101011010
11101011011
01111101101
00111000110
10110001010
01111101110
11101000100
00000000010
00111011010
11101000101
11010111011
10111001011
01110101010
01110101011
00000001110
11100011001
11100011000
11011111010
00110010010
00110010011
10111101010
00010110000
11111110010
11111111110
10111010000
11101011100
11101010011
11101011101
11010000101
00000010000
00011000010
00110010000
11001110000
11001110001
11111110001
10111011100
10111010011
10111101001
11101010000
01110111111
00011001101
01110111110
11101010001
00000010011
00000011101
01111000011
01110101100
00010111111
01111001100
00010111110
00011011111
01110100010
11010011010
11010011011
00110101001
10111011110
00100001001
00100001000
11010000110
00000011111
00110011110
00110011111
01111001111
00010110011
11010011001
00110101010
01011010110
00000101011
00000101010
11000001101
11111101100
11010010100
10110110110
11000000010
11000000001
00101111111
01111000000
00010100001
11101101000
00101110010
00101111100
00011001110
01110111101
11110000011
00100011001
11110001101
11001111101
11001111100
00011101111
01110011100
00011101110
00010100010
00100000111
00010101101
01111011110
00010100011
00010101100
01110110011
11101101011
00101110001
00100011011
11010010110
11010010111
11111111101
01111011101
01111010010
01111010011
00010101111
11110001110
01110110000
10110110100
11000001110
10110111000
10110111001
00111110111
11100111011
00011100001
00101010100
10110100111
00011100000
10110111011
11100111000
00110100101
00101101110
00100000101
11101100111
00100010110
11101111001
00101101101
00101100010
00001110111
00111110100
11011000110
00101010110
11011000111
00100101111
11101111010
00101010111
10110100100
00101100000
10110100101
00000110110
00001110100
00110110111
00111111001
00000100111
00000111010
10110101000
11011011000
11011011001
00100010101
00000100101
10111111000
11011011010
11100110110
11100110111
11101110101
10110101011
11101110100
00111111010
00110111011
00110100111
00001100101
00110100110
11011001011
11100100100
00001111001
00110111000
11011001001
00000111000
00001100110
00111100101
00000111001
11011001000
11010001011
