0111111011110
0110000011111
0100001101111
0010101000010
0010110111101
0010111110000
0110010010010
0011011110110
0011101110111
0111010000101
0010000101110
0111010100000
0100010110001
0100111010111
0101100010100
0011111101111
0110100100100
1000010011011
0011010100111
0101110001110
0001011010111
1000101100001
0101011101100
1000110000101
0000111000111
0010110001000
0110000100001
0001100001111
0101010011101
0100011000001
0100001110110
0110011111001
0000111101001
1000001000101
0011001101001
0101000100011
0111110010011
1000011101010
0000101011100
0100100101010
0111101110101
0111100111000
0101110101001
0000000111111
0100111100010
0101001011011
0110000101011
1000011110101
0001110110000
0111101000000
0010001000100
0010100111011
0001000111100
0011001001111
0001011011010
0010100010001
0110111001011
0100100100101
