1111010111010
1111011010001
0111111011110
1011010011100
0110000011111
1111111100110
1010110100100
1011111101010
0100001101111
0010101000010
0010110111101
0010111110000
0110010010010
0011011110110
1011101111110
0010000101110
0111010100000
0100111010111
0011111101111
1000010011011
0011010100111
0101110001110
0001011010111
1101111100001
1000101100001
0101011101100
1000110000101
1100110010011
0000111000111
0001100001111
0101010011101
1011011000000
0100001110110
1110011001110
0000111101001
1110001111100
1000001000101
1101000010110
0111110010011
1000011101010
0000101011100
1101101101110
1111001100010
1110101001101
1011110101001
1110111010100
0101110101001
0000000111111
0100111100010
1111110111101
1110011010010
1000011110101
1100111100100
1101111011000
0001110110000
1111001001111
1100010101111
0001000111100
0011001001111
0001011011010
0110111001011
