0111111011110
1011010011100
0110000011111
1111111100110
0100001101111
0010101000010
0010110111101
1001011000110
0110010010010
0011011110110
1011101111110
0010000101110
0011111101111
1000010011011
0101110001110
1000110011110
1000101100001
0101011101100
1000110000101
1000110110110
0001100001111
0101010011101
0100001110110
1110011001110
1110001111100
1000001000101
1101000010110
1000011101010
0000101011100
1101101101110
1111001100010
1110101001101
0000000111111
0100111100010
1111110111101
1110011010010
1000011110101
1001010111111
1111001001111
1100010101111
0001000111100
0011001001111
