0001000001001
1111010111010
1111011010001
1111000100111
0111111011110
1011010011100
0110000011111
1111111100110
1010011100011
1010110100100
1010000001001
1011111101010
1101001110001
1010000110000
0100001101111
0010101000010
1100100100000
0010110111101
0010111110000
1001011000110
0110010010010
0011011110110
0011101110111
1011101111110
0111010000101
0010000101110
0111010100000
0100010110001
0100111010111
0101100010100
0011111101111
0110100100100
0011010100111
0101110001110
1000110011110
0001011010111
1101111100001
1001110010001
1000101100001
0101011101100
1000110000101
1100110010011
0000111000111
0010110001000
0110000100001
1000110110110
0001100001111
0101010011101
1011000110001
1011010000011
1011011000000
0100011000001
0100001110110
1110110000011
1110100000111
0110011111001
1100101111011
1110011001110
0000111101001
1110001111100
1000001000101
0011001101001
1101000010110
0101000100011
1100101011010
1001100000010
0111110010011
1000011101010
0000101011100
1101101101110
1111001100010
1011100010111
1110101001101
1101100110011
1011110101001
1110111010100
1001111100101
0100100101010
0111101110101
0111100111000
0101110101001
0000000111111
0100111100010
0101001011011
1111110111101
0110000101011
1110011010010
0000000010000
1000011110101
1100111100100
1101111011000
1010011011001
0001101001010
0001110110000
1001010111111
1001101011101
0111101000000
1111001001111
0010001000100
0010100111011
1100010101111
0001000111100
0011001001111
1010001010011
0001011011010
0010100010001
0110111001011
1011100011010
0000010110100
1100000001000
0100100100101
