011001000100
001000000000
100000101110
100011011000
100011000101
100100001011
011000110111
100000100010
100011011010
000100110100
100110101111
011110110100
000010000011
001011001010
100011101011
100000010010
100011101001
100100000110
000010010001
100010100111
000000001011
110110110101
010111000011
010111000010
001011011001
010000101101
101110110111
010110101100
101110110101
100011111011
011110010110
100001011111
010011001011
100010101001
100111000011
100111001100
000100101000
010101100000
000100100111
011000010110
010100101011
001101010011
001101011101
011111010101
001100011000
010101101110
100101001011
100011010100
011110000101
000100100101
000010001111
001110000000
001100001010
001101000010
001101001100
011010010111
010101110011
010101111100
001000011100
011111000110
100010010110
011010010100
001110011110
100000000011
010100111000
000000111010
100101000000
010101011000
000000111001
010010011000
001011100101
100001100010
001111000011
100010011011
000110101011
100100111000
100111100000
010001110110
011000000100
100111010100
001001000001
100001101111
100101001101
100011110110
000110101000
100100111011
001001001100
000110010010
010111101010
100001010100
010111101001
001001001110
100101010001
001001001111
100100100110
011010100110
100100100101
001111101110
000110111001
100101011110
010001111001
010111111000
100010001000
010001111010
100011100110
001001111111
000000011110
001111101100
001111100010
100100010001
011110101111
000100010110
001101110101
100101111010
010000000010
010000001100
001001110010
000000010000
010011111101
000010111100
010001011110
001111111101
010111011111
010010100000
010000000000
010110000000
010000010001
001111110001
000101010101
010000011100
010110011100
010110010011
010100011001
100111111111
010011100001
010100001010
100101101001
100000100001
100001111100
000010101110
000101000110
010101011011
100001110000
010011101111
100000111110
000010100010
011110110000
010011011100
100110010111
010100001101
010100000011
000010011011
101110110011
100000101011
010101110101
010000100101
100010111101
100000101000
100100001111
011100010101
100010110000
010110100100
001010010010
011100100111
010011000001
010110111010
100100000000
010001011011
010000101001
100011000001
001000101000
100101110110
100101110111
010000101000
100011000010
100100011101
000010010101
100010100011
000110001110
010011010001
010011010000
100011001101
001011011111
000000001101
100011001111
000110001101
010001001001
100010101111
011011000101
001101011001
011101000111
001011010000
100000001000
100011101100
000110110110
100000001010
000100100010
100001010111
000110110101
000010001000
100010011101
000011000111
000100111101
100000000100
001110011010
011011010111
101110101101
100000011001
100001000111
100111000111
010101100100
100001011001
100111011001
011010101111
000100000001
010001111100
100001100101
001011111101
000110010101
100100110011
000110100011
000000101100
100010001100
001011111110
010010001110
001011100000
010101011101
001001011000
000100001110
000000101111
011101010100
001011100011
001111011011
001110111000
001111101010
010001100011
000010110111
010111110010
010001101111
100011110011
000001000101
000110110000
011010111110
000110011001
001001101011
000000110011
010111101101
100111101010
111110110001
010110001001
001010001100
001111101001
010010011101
010010010010
010001100000
100101101100
010000011010
100000110101
100100010111
001001111000
100101100001
000010100101
011100110010
100111110101
000000000111
000000000110
010111011010
000010100110
001000111000
100100101110
011010110001
010110011011
110110110110
010011100110
001111111000
000110000100
100100101101
000111010111
000111010110
001001100110
000100011100
000100010011
010100011110
001111110110
100111111000
001000100100
010011111011
010101001100
001101111111
001100101100
001101101101
100110100110
010101000001
000100011111
010011101000
010010101011
001101100000
