011001000100
111101010110
110101000011
101001000111
101011100011
110010001001
101011101101
000001110001
111010010011
111111111100
000111111110
101100011110
000111111111
011000110111
101111001000
000101011001
111000001000
101011101111
101011101110
000100110100
011110110100
101110111010
000101011010
000010000011
000111100001
011100101101
101000100101
101111011001
011111001000
101011100000
011100100001
101110100110
110001101010
111010011110
101000100111
111000011011
110100101100
110101011110
101100001100
101100000010
101100000001
111001111100
110100100000
000010010001
011100000000
011001101010
110101011101
101111000110
000000001011
101100001111
111000000110
111000000101
110110110101
011011110010
011001101001
110100100010
101110010111
000111110011
101001010101
111110000111
000001111110
011010001010
110010101010
111110011001
111001110010
011011111111
101110110111
111101101000
110100111111
011100011111
101000110110
101110110101
101100100011
110001010101
000001110010
111110011010
011010001001
110000001111
101101001110
111010111101
110001000110
011110010110
110010010101
110010010100
101101000011
111000010111
101001111011
111111010000
101111101011
000100101000
101000010111
111000101010
110000000001
101001111001
000100100111
011101001110
111111101110
011000010110
110111000111
111001100000
111011110111
011111010101
000101111011
011101001101
111010110000
011010011000
000101100111
111001100011
011011010010
101001100100
000101111000
111100010101
111110010100
110010000101
111100001110
101011111100
111101011000
110001001000
111110101000
111100001100
111101000100
011110000101
000100100101
000010001111
111100000000
000011000000
111011111010
110111011011
101010111110
011010010111
110110001111
011001011010
110111001001
101001101000
000011001100
110011010011
110011011100
011111000110
101010110010
011010010100
101110101000
101000101001
111100011111
000000111010
110011000110
110101110101
000000111001
101010101010
101111110100
110011011000
011000001111
011101111010
101101101110
101101010000
110110000100
011101111001
000110101011
011000000100
111111001011
111111001010
101010010001
101101011100
101101010010
111001001010
111001001011
111011101001
000110101000
110010111001
011101100110
101101011111
000110010010
110011001010
110010111010
011010111000
011101010001
101000011010
110101100110
111000111011
111100101101
011010100110
000111001110
111001011001
111000111001
110100001111
011101110111
101110000101
011011011011
101001110100
000001000010
000110111001
110000010111
011101010010
011010111011
111011000001
000011110000
000000011110
110011100111
000001011101
011001111110
101011001100
011000100011
000001101001
000111011100
101010001110
000001101010
110011100100
011110101111
000100010110
000111010000
101100110000
110000111110
110111110000
101101110001
111101111101
000101001000
000000010000
011111100001
000010111100
011011110100
101100111100
110000110010
110100011100
110100010010
011001101100
110100101000
111101111111
011111100010
111010000000
000101010101
011111110011
101011010010
011101101011
101010011111
111010001101
111010001100
011111111110
000011101111
110101101011
011000100000
101010001101
110001111111
101010000010
000010101110
111100110001
110000100001
000101000110
101011011101
110110100001
111011001110
011001110001
000010100010
110110101100
101111001111
011110110000
110111101111
011111000000
101001000000
000111100100
011001011111
000010011011
110001101101
110001100011
110111100011
101110110011
101000110011
000111100111
011001010011
011001011100
000001110111
111001110101
101011111000
011111001111
101001001110
101000111111
101001001101
110010000010
101100101010
111010011001
110111010010
110101001010
110010001111
011100010101
111010101011
111111111011
011011101000
111110001111
011100100111
101001010011
111101100010
000101101100
000101100011
111111100100
011100011010
111111100101
111001100110
110101000101
011100100100
101111011110
101001011110
110001010001
110100100111
110101011010
101111010001
101101001010
000001100100
101100001001
110100111001
110101000110
101111010010
000010010101
000110001110
111110000011
111110000010
111101101111
000000001101
000110001101
011011100111
101110010010
101110011100
011100001000
011011000101
111111010111
110111001100
011101000111
011011011000
111010100101
101001100001
000101111101
000101110010
011010000011
111100001011
111010110110
101010110101
110000011011
000110110110
110001010010
111101000001
011000010001
011110010001
000100100010
110000011000
101101000100
111000101111
000110110101
111000010000
011101001011
011000011101
000010001000
000011000111
000100111101
101000100000
011101001001
101010111001
101111100000
011011010111
011111011100
101110101101
111011110001
011110001100
011001000000
111010111000
101011110111
110110001000
101111101101
011111011110
101100010100
101010100100
111100010011
110001001110
011000000010
011010101111
000100000001
000001001000
011110001011
110110010000
111100011001
000110010101
111011010100
011111110101
110100001001
111011100010
110010110011
000110100011
110010111100
110100001010
111110100001
111001001101
000000101100
110011011111
110110011101
101111110011
000011011110
110011001101
000011101001
101000000010
110010111111
111110100011
111110100010
000100001110
000000101111
110110011110
011101010100
000111001001
110110101011
000011010011
110011000000
000001001011
000111001011
111001010010
111001011100
000010110111
110101111110
111000101100
111000100011
011010111101
011101110000
110000011101
000001000101
000110110000
011010111110
101000011100
000110011001
101101011011
111110111100
111111011101
000000110011
111110110001
111111000001
101101111010
111110111111
011011001101
111001011111
011011000011
011010101100
101101100111
110101110011
011011001110
101000011101
110101010100
011110101010
011001100101
110010101110
011100111100
101100100101
000010100101
011100110010
110000110100
101100111001
000000000111
000000000110
111011000111
110100010111
000010100110
011111100111
011010110001
110101100001
110110110110
000110000100
000011110100
000011110101
011110101001
111100111010
000111010111
000111010110
101011001001
110011111110
101010001011
110001110111
110111110110
101101110110
000101001111
101010011000
000100011100
000100010011
110111100101
110011110010
110011110001
101010000111
110000100100
101011010111
011110111001
101010000100
011000111011
011000111010
000101010000
000011111010
000100011111
110111100110
110001111001
110001111000
011000100101
110111111001
111100110110
011110100100
111101110100
