011001000100
001010111011
011000110111
000100110100
100110011110
011110110100
001010010100
000010000011
010000111111
100110010000
010100000101
010110111111
000010010001
000000001011
110110110101
010011010110
001010100110
010011000100
101110110111
010110101110
101110110101
010010110110
001011000110
011110010110
000100101000
001010000101
000100100111
011000010110
001011010111
011111010101
001100000111
001100000110
010110110011
001111010110
010000110000
011110000101
000100100101
000010001111
001000011111
011010010111
001001010110
100110000001
011111000110
001110011101
011010010100
000000111010
000000111001
010010000111
001100101011
000110101011
011000000100
000110101000
010100110110
000110010010
010101010111
010101010110
011010100110
001100010011
000110111001
010010000100
100110110001
010100010100
001000100011
100110111100
100110110010
000000011110
001100110101
001110101111
001000101110
011110101111
000100010110
001110100011
000000010000
000010111100
100110100001
001100100110
000101010101
001100111011
001000110001
001000111101
000010101110
000101000110
000010100010
011110110000
001010101101
001000000111
000010011011
001110001001
010000100110
101110110011
001010100001
001000011011
001000001001
011100010101
001010110011
011100100111
010010110001
010110100111
000010010101
000110001110
001101010100
000000001101
000110001101
011011000101
100110001010
011101000111
001000010101
000110110110
000100100010
000110110101
100110011011
000010001000
000011000111
000100111101
001110000111
100110011000
011011010111
101110101101
010000110101
001110110111
011010101111
000100000001
001111000101
000110010101
000110100011
000000101100
000100001110
000000101111
011101010100
010100110001
000010110111
000001000101
000110110000
011010111110
000110011001
000000110011
111110110001
000010100101
011100110010
000000000111
000000000110
000010100110
011010110001
110110110110
000110000100
010110000110
001100111110
010111000100
000111010111
000111010110
001100110010
010001000111
000100011100
000100010011
100110111010
100110100100
001100100001
001000110100
000100011111
010000010111
010110010111
001100101111
010001010100
010111010101
