011001000100
001000000000
100000101110
100011011000
111101010110
100011000101
100100001011
111010010011
111111111100
001010111011
011000110111
100000100010
100011011010
111000001000
000100110100
100110101111
100110011110
011110110100
001010010100
000010000011
010000111111
011100101101
001011001010
100011101011
011111001000
100000010010
100110010000
011100100001
010100000101
111010011110
111000011011
100011101001
100100000110
111001111100
010110111111
000010010001
011100000000
011001101010
100010100111
000000001011
111000000110
111000000101
110110110101
011011110010
011001101001
010111000011
010111000010
010011010110
001010100110
001011011001
111110000111
011010001010
010011000100
111110011001
111001110010
010000101101
011011111111
101110110111
111101101000
010110101110
011100011111
010110101100
101110110101
010010110110
111110011010
001011000110
011010001001
111010111101
100011111011
011110010110
100001011111
010011001011
111000010111
100010101001
111111010000
100111000011
100111001100
000100101000
010101100000
111000101010
001010000101
000100100111
011101001110
111111101110
011000010110
010100101011
001011010111
001101010011
111001100000
001101011101
111011110111
011111010101
001100000111
001100000110
011101001101
111010110000
001100011000
011010011000
111001100011
011011010010
010101101110
010110110011
111100010101
111110010100
111100001110
111101011000
100101001011
111110101000
001111010110
111100001100
010000110000
100011010100
111101000100
011110000101
000100100101
000010001111
111100000000
001110000000
001100001010
111011111010
001101000010
001101001100
001000011111
011010010111
001001010110
011001011010
010101110011
010101111100
100110000001
001000011100
011111000110
100010010110
001110011101
011010010100
001110011110
100000000011
010100111000
111100011111
000000111010
100101000000
010101011000
000000111001
010010000111
011000001111
010010011000
001100101011
011101111010
001011100101
100001100010
001111000011
100010011011
011101111001
000110101011
100100111000
100111100000
010001110110
011000000100
100111010100
001001000001
100001101111
111111001011
111111001010
111001001010
111001001011
100101001101
111011101001
100011110110
000110101000
100100111011
011101100110
010100110110
001001001100
000110010010
010111101010
010101010111
010101010110
100001010100
010111101001
011010111000
011101010001
001001001110
100101010001
001001001111
100100100110
111000111011
111100101101
011010100110
001100010011
100100100101
001111101110
111001011001
111000111001
011101110111
011011011011
000110111001
100101011110
010001111001
010111111000
010010000100
100010001000
011101010010
011010111011
010001111010
100011100110
001001111111
100110110001
010100010100
001000100011
100110111100
100110110010
111011000001
000000011110
001100110101
001111101100
001111100010
001110101111
011001111110
011000100011
001000101110
100100010001
011110101111
000100010110
001101110101
001110100011
100101111010
010000000010
010000001100
001001110010
111101111101
000000010000
011111100001
010011111101
000010111100
010001011110
011011110100
001111111101
010111011111
010010100000
010000000000
010110000000
011001101100
111101111111
011111100010
100110100001
010000010001
001111110001
001100100110
111010000000
000101010101
011111110011
001100111011
001000110001
011101101011
010000011100
010110011100
010110010011
010100011001
111010001101
111010001100
011111111110
100111111111
010011100001
010100001010
001000111101
100101101001
100000100001
011000100000
100001111100
000010101110
111100110001
000101000110
111011001110
011001110001
010101011011
100001110000
010011101111
100000111110
000010100010
011110110000
011111000000
010011011100
001010101101
100110010111
011001011111
010100001101
010100000011
001000000111
000010011011
001110001001
010000100110
101110110011
001010100001
011001010011
001000011011
011001011100
111001110101
100000101011
010101110101
010000100101
011111001111
100010111101
111010011001
001000001001
100000101000
100100001111
011100010101
100010110000
111010101011
111111111011
001010110011
011011101000
111110001111
010110100100
001010010010
011100100111
010010110001
010011000001
010110111010
100100000000
010001011011
010000101001
111101100010
010110100111
111111100100
011100011010
111111100101
111001100110
011100100100
100011000001
001000101000
100101110110
100101110111
010000101000
100011000010
100100011101
000010010101
100010100011
000110001110
010011010001
111110000011
010011010000
111110000010
100011001101
001101010100
111101101111
001011011111
000000001101
100011001111
000110001101
011011100111
010001001001
100010101111
011100001000
011011000101
111111010111
100110001010
001101011001
011101000111
001011010000
011011011000
111010100101
100000001000
100011101100
011010000011
111100001011
001000010101
111010110110
000110110110
111101000001
100000001010
011000010001
011110010001
000100100010
100001010111
111000101111
000110110101
111000010000
100110011011
011101001011
011000011101
000010001000
100010011101
000011000111
000100111101
001110000111
100000000100
011101001001
100110011000
001110011010
011011010111
011111011100
101110101101
111011110001
011110001100
011001000000
111010111000
100000011001
010000110101
011111011110
111100010011
100001000111
100111000111
010101100100
100001011001
100111011001
011000000010
001110110111
011010101111
000100000001
011110001011
010001111100
100001100101
001111000101
111100011001
001011111101
000110010101
111011010100
100100110011
011111110101
111011100010
000110100011
111110100001
111001001101
000000101100
100010001100
001011111110
010010001110
001011100000
010101011101
001001011000
111110100011
111110100010
000100001110
000000101111
011101010100
010100110001
001011100011
001111011011
001110111000
001111101010
111001010010
111001011100
010001100011
000010110111
111000101100
111000100011
011010111101
010111110010
011101110000
010001101111
100011110011
000001000101
000110110000
011010111110
000110011001
111110111100
001001101011
111111011101
000000110011
010111101101
100111101010
111110110001
111111000001
010110001001
001010001100
001111101001
010010011101
111110111111
010010010010
011011001101
111001011111
011011000011
011010101100
010001100000
011011001110
100101101100
010000011010
011110101010
100000110101
100100010111
011001100101
001001111000
100101100001
011100111100
000010100101
011100110010
100111110101
000000000111
000000000110
010111011010
111011000111
000010100110
001000111000
011111100111
100100101110
011010110001
010110011011
110110110110
010011100110
001111111000
000110000100
010110000110
001100111110
100100101101
010111000100
011110101001
111100111010
000111010111
000111010110
001001100110
001100110010
010001000111
000100011100
000100010011
010100011110
011110111001
001111110110
100111111000
001000100100
100110111010
011000111011
011000111010
010011111011
010101001100
100110100100
001101111111
001100101100
001100100001
001101101101
001000110100
100110100110
010101000001
000100011111
010000010111
010110010111
001100101111
010011101000
010001010100
010010101011
010111010101
011000100101
111100110110
001101100000
011110100100
111101110100
