111111110001
111111001000
110111010100
110101000011
011100010111
111101101001
000110101111
111010010111
101100011110
011110001111
000110010100
110111101101
110100110001
011100010001
101011101111
111001110100
011000001000
101001011111
101111111100
101010010011
101101010001
110110000101
110010111110
101110100001
101100101010
011101010100
011101100100
110001101001
000011011101
111011010000
101000111000
101111100100
000111101101
110010001111
011100100001
111010101011
110001101010
000010010111
111001111110
000110010011
111110001110
101001110011
101100101111
110100011010
011001101111
110101100111
111110110000
000110001011
000001000101
000111001110
110100100010
111001011001
101101001010
011011111101
111000001111
000000000000
000000111101
011011011011
011011111110
111001000100
111000100111
011101011110
011011100001
011100110111
000001011000
101111010111
110100001100
101110110101
101100100011
111110011011
101000011101
101010001000
000101100100
111101110111
000000011110
101000010000
110000110101
011101000111
011000101100
101011001101
011011011000
111011000111
111100111101
101001100000
111010100100
110011100000
011111100111
110000000001
101011001110
000100100111
011000010110
111111101110
000001101111
110011111000
011111111001
110110110111
011110011100
000101100001
000101111011
111101110010
011010110111
110101010110
011110101001
011101001101
111101011010
000010110001
101101000100
000011110111
110001011111
101010011001
110000100110
000100010010
000011100010
111100000011
000100111100
000000101010
110111011001
011110100010
011001000010
101100110110
000101010111
111100000000
000100111111
011111010010
011000111011
110011010101
111011111010
011000110000
110010010010
110111001010
101111100010
101010000010
101010100101
000101000110
011110000000
011010010101
110110001001
110000001010
110010011100
011101101000
