011100010111
000110101111
010001110011
001010111010
000110010100
100000010100
001111011110
010000111000
100010001100
100001101100
100011010000
101110100001
011101010100
001111000001
010010001000
100100111001
100101001101
100011110110
100001001011
001110111000
100111100011
100011101001
000010010111
001011001101
000110010011
010110100100
010011000001
010110111010
010111110010
111110110000
010111111100
000110001011
100101110000
000001000101
100100011011
100100100100
100011100011
001111101111
000000000000
000000111101
100111101010
001001001011
011100110111
100010101101
101110110101
100010111011
010011111111
100111000001
010010100011
000000011110
001100001000
010011001010
011101000111
001011010010
001111111011
100100010001
010011110000
000100100111
011000010110
010100101011
100101111001
110110110111
010000001101
100001010001
011010110111
001001111100
010110011001
001001100110
010100010010
000010110001
010101101110
001001100101
010011001100
000100010010
001101101010
001101110001
000100111100
000000101010
001011101000
010100011000
100001110101
000101010111
100110000110
000100111111
010001110100
011000110000
100000000111
010010101001
100000110010
100111011111
000101000110
100111011010
010101000000
010101011011
011010010101
001101111010
