111111110001
111111001000
011100010111
111101101001
000110101111
010001110011
111010010111
001010111010
011110001111
000110010100
100000010100
011100010001
001111011110
010000111000
100010001100
111001110100
011000001000
100001101100
100011010000
101110100001
011101010100
011101100100
100110101000
111011010000
001111000001
010010001000
100100111001
100101001101
001010101110
100011110110
100001001011
011100100001
001110111000
111010101011
100111100011
100011101001
000010010111
001011001101
111001111110
000110010011
111110001110
010110100100
011001101111
010011000001
010110111010
010111110010
010010010110
111110110000
010111111100
000110001011
010101010101
100101110000
000001000101
100100011011
100100100100
010011000110
100011100011
001111101111
111001011001
011011111101
001000101001
111000001111
000000000000
000000111101
011011011011
011011111110
111001000100
100111101010
111000100111
011101011110
011011100001
001001001011
011100110111
100010101101
101110110101
100010111011
111110011011
010011111111
100111000001
010010100011
111101110111
000000011110
001100001000
010011001010
001100110100
011101000111
011000101100
001011010010
001111111011
011011011000
100100010001
111011000111
111100111101
111010100100
011111100111
010011110000
000100100111
011000010110
111111101110
011111111001
010100101011
100101111001
110110110111
011110011100
010000001101
100001010001
111101110010
011010110111
001001111100
011110101001
010110011001
001001100110
011101001101
111101011010
010100010010
001011010100
000010110001
010101101110
001001100101
010011001100
001110000101
000100010010
001101101010
001101110001
111100000011
000100111100
000000101010
001000111110
011110100010
011001000010
001011101000
010100011000
100001110101
000101010111
100110111010
111100000000
100110000110
000100111111
011111010010
011000111011
010001110100
111011111010
011000110000
100000000111
010010101001
100000110010
100111011111
000101000110
100111011010
010101000000
001000000110
011110000000
001000010011
010101011011
011010010101
001110011101
001101111010
001110110110
011101101000
