111111110001
111111001000
110111010100
110101000011
011100010111
111101101001
000110101111
010001110011
111010010111
001010111010
000110010100
110111101101
110100110001
100000010100
001111011110
010000111000
100010001100
111001110100
100001101100
110110000101
110010111110
100011010000
101110100001
011101010100
100110101000
110001101001
111011010000
001111000001
010010001000
100100111001
100101001101
001010101110
100011110110
100001001011
110010001111
001110111000
111010101011
100111100011
110001101010
100011101001
000010010111
001011001101
111001111110
000110010011
111110001110
010110100100
110100011010
010011000001
010110111010
010111110010
010010010110
110101100111
111110110000
010111111100
000110001011
010101010101
100101110000
000001000101
100100011011
100100100100
010011000110
110100100010
100011100011
001111101111
111001011001
001000101001
111000001111
000000000000
000000111101
111001000100
100111101010
111000100111
001001001011
011100110111
100010101101
110100001100
101110110101
100010111011
111110011011
010011111111
100111000001
010010100011
111101110111
000000011110
001100001000
010011001010
001100110100
110000110101
011101000111
001011010010
001111111011
100100010001
111011000111
111100111101
111010100100
110011100000
010011110000
110000000001
000100100111
011000010110
111111101110
110011111000
010100101011
100101111001
110110110111
010000001101
100001010001
111101110010
011010110111
110101010110
001001111100
010110011001
001001100110
111101011010
010100010010
001011010100
000010110001
010101101110
001001100101
110001011111
010011001100
001110000101
110000100110
000100010010
001101101010
001101110001
111100000011
000100111100
000000101010
110111011001
001000111110
001011101000
010100011000
100001110101
000101010111
100110111010
111100000000
100110000110
000100111111
010001110100
110011010101
111011111010
011000110000
100000000111
110010010010
110111001010
010010101001
100000110010
100111011111
000101000110
100111011010
010101000000
001000000110
001000010011
010101011011
011010010101
001110011101
110110001001
001101111010
110000001010
110010011100
001110110110
