011100010111
000110101111
000110010100
101110100001
011101010100
100110101000
001010101110
000010010111
000110010011
010010010110
111110110000
000110001011
010101010101
000001000101
010011000110
001000101001
000000000000
000000111101
011100110111
101110110101
000000011110
001100110100
011101000111
000100100111
011000010110
110110110111
011010110111
001011010100
000010110001
001110000101
000100010010
000100111100
000000101010
001000111110
000101010111
100110111010
000100111111
011000110000
000101000110
001000000110
001000010011
011010010101
001110011101
001110110110
