011010110
111010011
110110010
000000011
000110100
110001010
100000000
001000110
011101001
101110100
010011111
111111110
110011010
001011011
100101101
100101100
101011110
111100100
000111001
110001101
100110001
101000101
000001110
101101010
111000001
101001110
110101000
111111101
101110111
001101101
110100101
011000010
010111100
010111101
111101000
100111000
111000111
111000110
101001000
111110001
111111011
110010100
010100000
110011001
100100110
001100001
101010000
011100100
011001011
110000111
100111111
100111110
001111000
101001011
000010111
110100011
100011101
100010010
