110110010
000000011
000110100
110001010
100000000
010001100
001001000
001000110
111001101
101110100
111111110
110011010
100101101
100101100
101011110
111100100
010111011
000111001
110001101
100110001
101000101
000001110
101101010
001110010
111000001
101001110
011110111
110101000
111111101
101110111
110100101
011111110
000001001
011000010
010110010
010111100
010111101
111101000
100111000
111000111
111000110
101001000
111110001
111111011
110010100
110011001
100100110
101010000
011001011
010000101
110000111
100111111
100111110
001111000
101001011
110100011
100011101
100010010
