011100111
110110010
000000011
110001010
100000000
001001000
001000110
011101001
101110100
111111110
010101111
110011010
001011011
100101101
100101100
101011110
111101111
111100100
010111011
110001101
100110001
101000101
000001110
101101010
111000001
101001110
011110111
110101000
111111101
101110111
001011100
110100101
011111110
000001001
010110010
010111100
010111101
111101000
100111000
111000111
111000110
101001000
000010000
111110001
111111011
110010100
010100000
110011001
001010101
100100110
101010000
011100100
110000111
100111111
100111110
101001011
000010111
110100011
100011101
010100110
100010010
