011010110
011011000
111010011
011100111
110110010
000110100
110001010
100000000
001001000
001000110
011101001
111001101
101110100
111111110
010101111
110011010
000100111
001011011
011010101
100101101
100101100
111101111
111100100
010111011
000111001
110001101
100110001
101101010
001110010
011110111
110101000
111111101
101110111
001011100
001101101
110100101
011111110
011000010
010110010
010111100
010111101
111101000
100111000
111110001
111111011
000101010
110010100
010100000
110011001
001010101
100100110
001100001
011100100
011001011
110000111
100111111
100111110
001111000
001101011
110100011
100011101
010100110
100010010
