00001000001101
01110111010110
00001111000001
00110010001010
01111101010001
01110101110111
00110001010101
01000010011001
01010101001100
00001111110100
00100101001111
01100011000100
10010001101100
00111010011001
01011111011011
00111001011011
01101101100011
00101100000111
10010111100000
00101010010111
01101110110001
00000001001010
10010100111100
01101111110110
00100111111011
01111110101100
00111100011011
01001011111000
00110110000101
01100001111001
01011011101110
00110011110000
01100101110010
00100011010001
01101010000000
00100011111100
00101101011000
01100101100101
00011010100101
01110011010000
01000111001010
01010101111111
01011001111101
00100010100010
00001011010010
01100000110011
00110100011000
01100001011101
10011100001100
10010011011010
00011011110011
00110100000000
00101101100100
01001100111010
01011001000101
00111101101100
01011000101000
01000110110110
01001100001000
01110011100011
01111110011000
10011010111110
01000100101111
01010101100000
01111010110010
00101100111111
01000110110101
01111011110101
00110110111110
01010000011011
01001101000110
00010010010100
10011101001110
01101010100101
01101110000000
00011000100010
01101010001110
01101001101010
00000000110100
10010101101011
01100100010100
01101011001111
00100010011111
01011100001101
01100000001010
01010001010010
01100101011110
01010001001110
00111100010110
10000111011100
00000001100011
10011110001001
00000001101101
01010110011000
10010111011111
00110000101100
00100000100001
00101011110010
00101001100110
00111000101001
01110100001111
01100110101001
01001011010111
00110000101110
01111000000011
01000000110111
00100100100010
00000010111101
01000110000000
00000010001110
01001000101011
00101001001000
01010110000011
01010110111110
10000100100110
00001101111001
00011000000010
10010110110010
01110011111001
00111111101010
00010011001001
00000100010011
01111000011110
01011010111111
00001000010000
01011100110100
01011011110010
01000111011111
01111111011101
01010001100110
00110111000011
