00001000001101
11110001101001
00001111000001
00110010001010
11001100011101
11011010010001
11101001110111
00110001010101
01000010011001
00001111110100
00100101001111
10010001101100
00111010011001
11000111101111
00111001011011
01101101100011
00101100000111
10010111100000
00101010010111
01101110110001
00000001001010
10010100111100
01101111110110
00100111111011
00111100011011
10101111101101
11011001110111
01100001111001
01011011101110
00110011110000
10101000101111
00100011010001
01101010000000
10101100001010
01100101100101
10110000110110
10100100001001
11100111100011
10100011100111
00011010100101
10111001000011
10101111001111
11100111011001
01110011010000
10101000110001
01011001111101
00100010100010
11010000110101
00001011010010
01100000110011
11010000000001
11111011001000
01100001011101
11101010111011
10101110001101
10101001000000
10011100001100
10010011011010
10111001100001
00011011110011
00110100000000
01011001000101
01011000101000
11100010010010
11010010101010
01001100001000
01110011100011
11011011000011
10011010111110
11001011000010
01000100101111
11110010011101
11101101001011
01111010110010
00101100111111
01000110110101
01111011110101
01010000011011
01001101000110
00010010010100
10011101001110
11101111010001
11001000010100
01101010100101
01101110000000
11001100100000
00011000100010
01101010001110
11000111000111
01101001101010
11110000001001
11001110010110
11000000000111
00000000110100
10010101101011
01100100010100
11101000010011
11001101100101
01101011001111
11001110101001
10101110110100
00100010011111
01011100001101
01100000001010
01010001010010
11100100010011
11000011110001
10110011011001
11010001001011
01010001001110
10110011000110
00111100010110
10000111011100
00000001100011
10011110001001
00000001101101
10010111011111
00100000100001
00101011110010
11001010100110
10101010000011
00101001100110
00111000101001
01110100001111
01100110101001
01001011010111
00110000101110
01111000000011
01000000110111
00000010111101
11111001001110
00000010001110
01001000101011
00101001001000
11100100000000
10000100100110
00001101111001
11100100111101
00011000000010
10010110110010
01110011111001
00010011001001
00000100010011
11001011001101
01011010111111
10111011101111
00001000010000
11111000100010
01011011110010
01000111011111
01010001100110
10101010100000
