11111101000101
00001000001101
01110111010110
11110001101001
00001111000001
00110010001010
01111101010001
11001100011101
11011010010001
11110101001010
01110101110111
11101001110111
11111100110111
11111000111000
00110001010101
01000010011001
00001111110100
00100101001111
01100011000100
10010001101100
00111010011001
11000111101111
00111001011011
01101101100011
00101100000111
10010111100000
00101010010111
01101110110001
00000001001010
10010100111100
01101111110110
00100111111011
01111110101100
00111100011011
11011001110111
00110110000101
01100001111001
01011011101110
00110011110000
01100101110010
00100011010001
11110101110000
01101010000000
00100011111100
00101101011000
01100101100101
11100111100011
00011010100101
11100111011001
01110011010000
11100110001110
01011001111101
00100010100010
11010000110101
11110011111110
00001011010010
01100000110011
11010000000001
11111011001000
00110100011000
01100001011101
11101010111011
10011100001100
10010011011010
00011011110011
00110100000000
00101101100100
01011001000101
00111101101100
01011000101000
11100010010010
11110000100100
11010010101010
01001100001000
01110011100011
11011011000011
01111110011000
10011010111110
11001011000010
01000100101111
11110010011101
11101101001011
01111010110010
00101100111111
01000110110101
01111011110101
00110110111110
01010000011011
01001101000110
00010010010100
10011101001110
11101111010001
11001000010100
01101010100101
11111110000110
01101110000000
11001100100000
00011000100010
01101010001110
11000111000111
01101001101010
11110000001001
11001110010110
11000000000111
00000000110100
10010101101011
01100100010100
11101000010011
11001101100101
01101011001111
11001110101001
00100010011111
01011100001101
11101001101100
01100000001010
01010001010010
11100100010011
11101101111110
11000011110001
01100101011110
11010001001011
01010001001110
00111100010110
10000111011100
00000001100011
10011110001001
00000001101101
10010111011111
00110000101100
00100000100001
00101011110010
11001010100110
00101001100110
00111000101001
01110100001111
01100110101001
01001011010111
00110000101110
01111000000011
11100010101100
01000000110111
00100100100010
00000010111101
11111001001110
00000010001110
01001000101011
00101001001000
11110101100110
11100100000000
10000100100110
00001101111001
11100100111101
00011000000010
10010110110010
01110011111001
00111111101010
00010011001001
11111111100000
00000100010011
01111000011110
11001011001101
01011010111111
00001000010000
11111000100010
01011011110010
01000111011111
01111111011101
01010001100110
00110111000011
