11111101000101
00001000001101
10111000111010
00010100110001
01110111010110
11110001101001
00001111000001
00110010001010
00000110101000
00011110110011
01111101010001
00001001011110
11001100011101
11011010010001
11110101001010
01110101110111
11101001110111
11111100110111
10100111010110
11111000111000
00110001010101
10011100000111
01000010011001
01010101001100
00001111110100
00100101001111
01100011000100
10010001101100
00111010011001
11000111101111
10011011010100
11010111101101
00011110100110
10110110011011
10001011101001
01011111011011
00111001011011
10100111101000
01101101100011
00101100000111
00000111101100
10010111100000
00101010010111
01101110110001
00000001001010
10010100111100
01101111110110
00100111111011
11011101100010
01111110101100
00111100011011
10101111101101
01001011111000
11011001110111
00110110000101
10011100010011
01100001111001
01011011101110
00110011110000
10101000101111
01100101110010
00100011010001
11110101110000
01101010000000
00100011111100
10101100001010
00101101011000
01100101100101
10110000110110
10100100001001
11100111100011
10110110110001
10100011100111
00011010100101
10100001011100
11011100101011
10000011110111
10111001000011
10101111001111
11100111011001
01110011010000
01000111001010
10101000110001
01010101111111
11100110001110
01011001111101
10010010000111
00100010100010
10001011100110
11010000110101
10111111111101
11110011111110
00001011010010
11001110011010
00011011001100
01100000110011
10010011100101
11010000000001
11111011001000
00110100011000
11010110000100
01100001011101
11101010111011
10101110001101
10101001000000
10011100001100
10010011011010
10111001100001
00011011110011
00110100000000
00101101100100
01001100111010
01011001000101
11011111111000
00111101101100
01011000101000
11100010010010
11110000100100
01000110110110
10000000001110
11010010101010
01001100001000
01110011100011
11011011000011
01111110011000
10011010111110
11001011000010
01000100101111
10101111011110
01010101100000
11110010011101
11101101001011
01111010110010
00011111010111
00101100111111
01000110110101
01111011110101
00110110111110
10000101010101
00010111000110
01010000011011
01001101000110
00010010010100
11101111010001
11001000010100
10001101110010
01101010100101
10000010010000
11111110000110
01101110000000
11001100100000
00011000100010
01101010001110
11000111000111
10100110111110
01101001101010
10111111010000
11110000001001
00010101010100
11001110010110
11000000000111
11000101101000
00000000110100
01100100010100
10000001000000
11101000010011
11001101100101
01101011001111
10101101111000
11001110101001
10101110110100
00100010011111
01011100001101
10001101111111
11101001101100
01100000001010
00010100101111
01010001010010
11100100010011
10000110000001
11101101111110
11000011110001
10110011011001
11000000111000
01100101011110
11010001001011
01010001001110
10110001111010
10110011000110
00111100010110
10000111011100
00000001100011
10011110001001
00000001101101
01010110011000
10010111011111
00110000101100
00100000100001
00101011110010
11001010100110
00001110011000
10101010000011
00101001100110
00111000101001
01110100001111
11010101010010
11010011011100
01100110101001
01001011010111
00110000101110
10111000011100
01111000000011
11100010101100
01000000110111
00100100100010
00000010111101
11111001001110
01000110000000
11000001111110
00000010001110
01001000101011
00101001001000
01010110000011
01010110111110
00010101110111
11110101100110
11100100000000
00001101111001
11100100111101
00011000000010
10011000001000
10010110110010
01110011111001
11011101011000
00011111011100
00111111101010
10001110100111
00010011001001
11111111100000
10010000011111
00000100010011
01111000011110
11001011001101
10001001011011
01011010111111
10111011101111
10111100100101
10000010101011
00001000010000
01011100110100
11111000100010
01011011110010
01000111011111
01111111011101
01010001100110
00110111000011
10101010100000
