10100010
10101101
11100101
10101100
11100100
00000000
11111000
11111111
01011101
00000010
01011100
01010010
11100110
10101110
11100111
10101111
00001101
00001100
00110101
00110100
11111011
11111010
11111001
00001110
01010000
11100000
10101000
10101001
00001111
11001010
00001000
01010111
01010110
11101100
11100010
10101011
10101010
11101101
01010100
00001010
11101111
11101110
01010101
01101111
10111101
11001100
11001101
11110100
11001110
11110101
10111111
10111110
01101000
00101010
01101100
10100100
01101101
11001111
11110111
11001000
11110110
10111100
10001010
10110010
01101110
10100111
11011010
10100110
11000110
11110010
11000111
11110000
10111011
10111010
10001000
11011001
10100101
11011000
10100000
10001101
11000000
11111110
11111101
11000010
11111100
10111001
10111000
10001110
10001111
01101010
11011011
01100101
01100100
00101100
00100010
01111110
01111111
10000010
10001100
11011100
11010010
11011101
00100000
10000111
10011010
11000101
11000100
01110010
01111100
01111101
10000000
00100111
11011111
11011110
00101000
01100000
10000100
10000101
10011000
10110111
01001000
01111011
01001010
00111010
10110000
10011111
00010101
00010100
10000110
01100010
11010110
11010111
01100110
00101110
01100111
00101111
10011110
10110101
10110100
01001111
01001110
01111010
01111000
01111001
10110110
00010110
10011100
10011101
00010111
00101101
11010000
10010010
00111100
00111101
01001100
01000010
01001101
01110100
01110101
00010000
00111110
10010000
11101001
11101000
00111111
01000000
00011100
00010010
00111000
10010110
10010111
00011101
01011011
01011010
11101011
11101010
11010100
11010101
00100110
00000101
00000100
00110110
00110111
01000110
01000111
01110000
00011111
10010101
00011110
10010100
01011001
00100101
01011000
00100100
00000111
00000110
00011010
00110000
01000101
01000100
01110110
01110111
00011000
00110010
01011111
01011110
