00000001
00000000
11111111
00000010
10101110
10101111
00001101
00000011
00001100
00110101
00110100
11111011
11111001
10101001
11001010
00001000
10101011
00001010
11101111
11101110
11001100
11000011
11001101
10111111
10111110
01101000
00101010
01101100
01100011
01101101
11001000
10001010
11000110
11000111
10111011
10001000
11011001
10001101
11000000
11111110
11000001
11000010
10111001
01101010
11011011
01100101
01100100
00101100
00100011
00100010
10000001
01111110
01111111
10000010
10001100
10000011
00100001
00100000
10000111
10011010
11000101
11000100
10000000
00100111
11011111
11011110
00101000
01100000
01100001
10000100
10000101
10011000
01001000
01111011
01001010
00111010
00010101
00010100
10000110
01100010
01100110
01100111
01111001
00010110
10010011
10011100
10011101
00010111
00101101
10010010
00110011
00111100
00111101
01000011
01001100
01000010
01001101
00010000
10010000
00010001
10010001
11101001
01000000
01000001
00010011
00011100
00010010
00111000
10010110
10010111
00011101
01011011
11101011
00100110
00000101
00000100
00110110
00110111
01000110
01000111
10010101
10010100
01011001
00100101
00100100
00000111
00000110
00011010
00110000
00110001
01000101
01000100
00011000
00110010
01011111
01011110
