10100010
11100101
11100100
00000000
11111111
00000010
01010010
10101110
10101111
00001101
00001100
00110101
00110100
11111011
11111001
01010000
11100000
10101001
11001010
00001000
11100010
10101011
01010100
00001010
11101111
11101110
01010101
11001100
11001101
11110100
11110101
10111111
10111110
01101000
00101010
01101100
10100100
01101101
11001000
10001010
10110010
11110010
11110000
10111011
10001000
11011001
10100101
10100000
10001101
11000000
11111110
11000010
10111001
01101010
11011011
01100101
01100100
00101100
00100010
01111110
01111111
10000010
10001100
11010010
00100000
10011010
11000101
11000100
01110010
10000000
11011111
11011110
00101000
01100000
10000100
10000101
10011000
01001000
01111011
01001010
00111010
10110000
00010101
00010100
01100010
10110101
10110100
01111001
10011100
10011101
00101101
11010000
10010010
00111100
00111101
01001100
01000010
01001101
01110100
01110101
00010000
10010000
11101001
01000000
00011100
00010010
00111000
00011101
01011011
11101011
11010100
11010101
00000101
00000100
01110000
10010101
10010100
01011001
00100101
00100100
00011010
00110000
01000101
01000100
00011000
00110010
01011111
01011110
