011010110
011010111
110100001
100000000
001001000
100000001
001001001
011101001
110100000
100011011
011010101
011010100
110100111
001001010
000111001
000111000
100000110
100000111
001001011
011101011
111001011
110100110
100011001
011010011
000100001
011011100
011010010
011011101
011101101
110111000
000111011
001001101
000111010
001000010
001000011
001001100
110111001
011100011
110101110
111001001
110101111
110010101
000100000
011010000
011010001
110101101
110111010
110111011
100000010
100000011
010110101
001001110
001001111
011101111
110100010
110100011
111001111
110101100
110010111
000100010
000100011
001011000
001011001
110110010
001000111
001000110
110110011
110111100
110111101
111000011
100101011
111001101
100101010
110010001
110010000
001011010
001011011
110011101
111011011
110111110
001000001
001000000
110111111
111000001
111000000
110010011
110010010
001010010
110011111
001010011
001011100
001011101
111011001
100101111
110100100
110100101
000110000
000110001
110000100
110000101
110110110
110110111
111000111
100101110
110011001
001011110
001011111
111011111
100101001
000110011
110000111
001000100
001000101
000110010
110000110
111000101
110110000
110110001
100101000
010100101
001010110
001010111
111011101
111010011
010111000
010111001
011110000
011110001
000011110
000011111
001010000
001010001
111010001
111010000
000000101
000000100
010111010
010111011
011110111
000011101
000010011
000010010
000011100
111010111
011110101
000010000
100010101
000010001
111010101
001010100
001010101
001100000
000010111
000010110
011100111
011111011
111100011
111101101
111101100
010110111
111100010
000010100
110101011
000010101
110101010
100010000
010101111
100010001
101010101
011100001
111101111
010110000
010110001
111101110
011111001
011100000
110101000
110101001
010100010
100010111
010101101
000101001
000101000
010100011
101010111
111101001
010110010
010110011
010111101
111101000
100000100
100000101
011111111
100011111
000101010
010100001
010100000
000101011
101010001
101010000
011100101
010111111
111101011
111101010
011110011
011111101
100010011
100011101
010100111
100010010
101011101
010011110
101010011
001110000
111111111
010011111
111111110
010011000
101011111
101101011
111100100
111100101
101000101
101101010
111111101
111110010
111111100
010011001
111110011
111111010
101011001
000001001
111100110
010000111
111100111
010000110
000001000
101000111
010010001
010010000
111111011
010101010
010101011
010010010
101011011
111100000
010000101
111100001
010000100
000001010
000001011
101000000
101000001
010011101
111111001
010010011
010011100
111111000
010101001
010101000
101101101
101101100
101100011
000000011
101100010
000001100
000001101
101000011
000000010
101001101
111110100
111110101
010010101
010010100
101100001
101100000
000001111
000001110
101001111
010010111
010010110
000011010
000000111
101101001
101101000
000000110
101001001
101111011
111110001
101111010
000011011
111110000
000000001
101101111
000000000
101101110
101001011
111110111
000011000
000011001
111110110
110011011
100100001
100100000
011001000
110000001
110000000
011001001
101111110
101111111
100101101
100100011
100101100
011001110
100111010
110000010
010001010
110000011
010001011
011001111
100111011
110110100
110110101
101111000
100100010
101111001
100100100
100100101
101100111
101100110
100111001
100111000
101110001
101110000
100100111
100100110
101100101
101100100
011001011
011001010
100111111
100111110
101110010
101111101
101110011
101111100
011011001
011011000
010001101
100111101
010001100
011000111
100110011
100111100
010000011
010000010
011000110
100110010
101110100
101110101
011011111
011011110
010000001
100110001
011000101
100110000
010000000
011000100
101110111
101110110
010011011
010011010
011000010
100110111
100110110
010001001
011001101
011001100
010001000
011000011
011011011
100110101
100110100
011000001
010001111
011000000
010001110
011011010
