01101001000010
10010101110110
00100000010101
00101000110001
10010101110101
01011110111110
00111101011100
01001110001000
00110100111000
01010011010010
00110011110100
01100101110110
00101001001101
00101110110010
00101011111010
00001010100000
01001000000110
00010011000000
01110111011101
00110111010011
01111111111001
00001101101010
01111010000101
00010010111101
01010010110010
01110001101111
01110010000010
01101011100111
01110111101111
00111111100111
00111101000000
01111100110000
00111000000011
01010011001110
01001110000110
00100001001010
01100000111001
00110100110101
00100010100001
00101110110001
01101100010110
00101001010001
00011100000110
01110100101001
00011011110111
00001010010001
01101000100001
01011011101010
01100101111000
01011011010101
00111110000010
01111010001001
01101011010111
00100010111111
01011101001000
00100110101010
00001111100000
01010011100001
01110111000000
00000001110111
00101100001000
00000111000101
10001010101100
01010110001000
10000101101110
00111001010101
00100001000111
01001111101110
00001101011011
10001110000100
10010110111000
10011100100100
01000110000010
01111101111110
01011111101101
00011100001001
00111111010110
00011100001010
00101010100101
01010111011000
01011110010010
00000110001111
10000110111000
00100010010011
10010111110011
01100110111011
01001101000101
01101011011001
01011000010000
00100111001000
00111001100111
10010110110100
00101001111110
00101111100000
01011010111001
00111000101110
01000111010111
01001111110010
00001100000000
01101101100010
01000010010110
01110011100100
10011111000001
01011101000101
01000100001010
01000110000000
01011011100101
01011001101110
00111111101000
00111100010010
00000011011001
00101001100001
01100011111111
00101011110111
00110010010010
01111001110100
01111001110101
10010101111010
01100111101010
01011010111000
00111010100110
00101110101111
01111100101111
00110111001100
00111011111100
01110101000110
00011010101001
01001000110101
01111100011000
01010101000000
01110010110000
01100101000011
00110000010110
01001111011010
00110110011001
10010101000010
00001111001101
01111000100100
00100101001111
01001100010001
00100010001010
10010111101100
01101111110101
00100100111010
00100100111011
00000110010001
00000000101000
01110110000111
00100111100011
00110011000100
01001001011011
00001000110010
00111110111000
01101001110110
01111001000011
01000001001110
01000110101110
01011110001010
01010010011011
10011111110110
01100100111110
01011010011100
00100001100000
00111100001100
00110110010100
00000000010001
01110011010010
01111110101011
10011101000111
00111111011011
01110000000110
01001001010100
10011101100010
01101001111000
00000001000000
00110110010111
10011100110000
00111111011000
10010101011100
01100100100010
00000001000010
00001110101110
00111110110101
00001001100011
01000011000110
01001100001101
01010010101011
01000100010000
01111000101011
00100100110111
01000010100101
00000000100110
10011101111111
01100110110111
01101111111000
01110110001001
00111000110111
00010010000101
00010000001110
01010111010100
01111010111101
00101101110011
01001100100010
01011110000111
01001101000011
00101111010101
01110000111001
01110000111000
01001111010110
01100001011010
00110100011110
01101010110011
00001000101110
00111100100000
01100000110110
00101110011000
00101100111110
01010100101010
00101100111101
10000011111010
01010011100111
00111100111111
01100111011011
00010011110010
01010101111001
00001100110101
01100110001000
01101111011100
00110110110000
10010110001010
01101011110010
00011000101111
00111101110000
01100110001011
01011101111101
01010010100100
00100110101101
00101000011011
01010000111110
00010100000111
01000100111000
00111010001100
00000011101110
00110001111100
01000000110000
01111110010001
00110111100010
10010111011001
00100111111100
10010110000111
01010110111111
00100110110000
01100010000010
01111111011111
10011000111010
10000100001100
00000011110010
10000101000000
01000110110000
00001100111011
01010110100001
00110111111111
01111111110010
01101011101111
01101110100101
00011001011001
01010010110111
01000001110011
00000101000101
00110111010101
00110010001000
00101011101101
00110001111011
01000010000000
00011011100000
01011001011010
01011110100110
01111001111101
01000010011111
01000111111110
01011111001000
01010110010011
00001101101111
01101100011100
01110100100011
00110111101000
01100010110100
10011100011100
00101001011000
00001110000011
01100101110011
01011100101100
00000111110001
01010000011101
01001101111100
01000001101101
10010110101101
00110011110011
10011110010101
00101111000100
10011100101110
01111100110111
00001111100101
01110111111001
01101000111011
00111101100110
01111100110101
00111000000110
00101001010110
01111101010101
00101100101101
00110101000000
01000010000011
00100011011001
01101001001011
01101010110001
01001101111111
00100010111000
10001010111010
01010000000010
01111011110111
00000000011011
00101010110011
00111111010001
00011000010100
01110100011101
10010110110011
01111011110100
01011010110001
01000001010001
01011101001111
00001111101001
01101100110011
00010000110000
10011000000100
00110001000101
01001101011110
10000100101010
01011000010111
00011011010001
01000001001100
00110011011100
00111011100101
00111111100001
01001001101010
00000011001111
01001010100110
00111100010100
10011010011010
00101111100110
00110110000010
00111000101000
01100100000111
00101110101010
00100000011101
01001010100101
10011111011011
01001001101000
01010001000001
00000101110101
00001010101011
01100011111000
00110000001101
01110101011100
00100001011100
01000101001011
10001001011010
00001101000010
01000111011110
00001111010110
00010010000010
01101101101010
01000110101000
10011010011100
00000011010011
10000011011010
01001100010111
01101101101001
01101010011100
01010101011010
01001001011111
01000100001000
00001000110111
01110011011011
01011000001100
01010111111010
00110011000011
01011010101101
00100001100101
01110110010001
00101000001111
01111011010000
00110100001000
00100001100110
00100100100000
00000010110100
01101001110010
00000000010110
01111000100010
00011010010011
00110110101011
01000011101111
00100111111001
00001110100101
10010101000101
01101010000000
00010001101111
00110010101101
01001111010001
00010000001011
00101101111001
10000010111110
01111011010011
01110000000000
01001100011011
01011111110011
00101101000111
00011010100010
01110011010111
01101111111111
10011101100101
01111100010011
00011010111111
01011111110000
00001110101000
10010111101011
00011010001101
00100011111110
01100110110001
00100011111101
01100101001010
00110010101110
01101010011110
00100001101011
00011000101001
00100101010101
10010011101100
00101010001011
01101001101110
01110101101000
00001001111011
01010100010110
00101000010011
00101101001010
00010001000110
01001011011010
00101110011101
00110101101110
01010100010101
01110000110011
01011010001010
01110110111101
00010011100110
00101101001001
00101110000001
01010111110110
01010110110101
00110101101101
10000101010110
00101111011100
00111101100101
00001011000010
01010001101010
00101111011111
00000001010100
00100000100111
00000011110101
01101110010101
00111011011000
01101000000111
00100101111111
01111100001110
01111111000110
01100011001000
00001001110100
00001101110001
10000100011010
01001011010111
00101010000100
01101010101001
00000101010011
01010000100111
01101101000000
00100101100011
00101010000111
10010110011111
01011100110100
00100111110110
00111001110110
10000100110010
00101001000010
00101000111100
01110001100010
01100000010100
01010110101001
01100000101010
01101000110000
00110100100110
00011001000000
01010011011101
00101100011011
00001000001000
00010010110000
01000100110011
01000001111010
01110010001110
00011001000011
01111010101010
01001000011000
01010000101000
00110101001011
00011100010101
01100110010101
01110001010000
01010010111100
01001010100011
00001010101101
00101001011111
01000111111001
10011110110001
01011001001111
10011110110010
01011111001110
01101100000100
01111111100111
00100011010000
00001010011111
01100101100101
10011011111000
01101000101101
01001110011001
00011100011011
01000010001001
00111110001111
01011100111010
01010100011111
01100110011001
01101011000110
10010010111110
01100110011000
01111111101000
00000010010101
00111111110110
01011000110010
01101110101100
01111010011011
01000101010010
01110111111100
00111111110100
00101011101000
01111010100101
01000101010001
00111101100011
01100100011100
00010000110101
10000111110100
01011001100000
01111101110011
00100000001000
01100011101100
00100011100010
01111011001000
00111011110000
01000110001100
01100110100101
01011111100010
01011100001001
00110011101001
01110100000100
01001110010100
10010101101000
01011110011101
01001110101011
10011111010000
01010111000101
01001001111101
01010000011000
10000110100110
01011001111111
10010101101011
00000011001011
01011101011000
01111100111100
00100010011110
10000000100100
01110010100001
10001011011100
01001011110111
01100100000001
10010100101100
00101000100010
01010110011000
00111001111010
00001000000101
00010011001101
00101100010111
00101010110100
00110111011111
10011011000100
00011000010010
01001010111110
00100111011010
10010101100110
00111010111010
01000001000111
00110011010110
10001110011010
01011100000100
00100110000110
01000000001101
00110010011101
01001001100001
01100101010111
01001111100000
01111110110111
01011101010110
00001100001111
00110011010101
01010010010001
01001011110100
00101001101100
01100011110011
01101100111001
10001110100100
10010101001110
01001011111011
01000000100001
01110011000001
00010001100101
01110000010111
01101010010111
01101101010101
00110010110111
00100111101111
00000000111001
01001100101111
00111001001011
00010010011001
01010101001111
01001111000100
01110010111111
10010111100000
00001111011111
00111100000001
01111001001100
01111111001101
01000000010111
01101000000001
01110010111100
01101101101111
01110000011011
00100101011110
01011111100100
01010100111011
10011101011001
00100010011010
00011010000111
01101001100100
01000010111001
01110000100101
01110110011010
00111100101110
00111110100100
01000011011000
01111011111110
01011000011011
00100011100111
01001100101100
00101101111101
01100100101111
10011100111111
01110110100111
01100001000101
01111001101001
01100111000100
10011101011010
00000110000001
01101010111101
00101011001100
01111000011101
01010011111001
01101110011111
00100110111110
00010001011111
00011010001001
01001010001111
01000101100110
00010000000000
00100100010000
00010010010100
01101000101010
00110000111100
00011010001011
00110110111101
01011011011110
01010000110001
00110100010001
01001011000001
01101111010010
10011111101000
01011011011100
01100010010001
01110111001010
01101110000011
00101011001110
00011010110110
00110101111011
01111100001001
00000010110011
00000111101011
01101001010011
01010111111101
00011001110001
00111011011111
01100001001001
01111101011010
01111101011011
00110001110010
00110000100010
01100011011101
10011110101010
00111010000001
01001010010010
01111010010100
00110100101010
01011111001011
00110001110001
01100011011110
01000110111101
01111110011100
00000001101001
00110110100011
00010011100001
01101100001001
01000000111111
00111011000010
10011111100111
01001001001001
01111000011110
01100010001101
01011011000000
01000000111100
01100110010010
01000001111110
01110010001011
01101111001011
01110101001111
01101110111010
01111001110001
10010110010001
00101011100011
00100011000101
00100100001011
01111101101001
01110001111010
10001101101100
00111001111101
01111000001000
01110001010110
00000111111111
00100000010010
01101011100001
01101000100111
00110001101010
00100101110000
00111101000111
01010100001011
01010110011110
01000001100000
00011011101111
01100000101100
00011011101110
00001000000011
01110011110001
00111110001000
00010000111111
01000011110100
00100011001011
01010101110010
01111010101111
00011001001010
01110111100110
01000100100100
00001010111001
00000000001001
01100000011111
10000001111100
01011100100001
00100011001001
01111010101100
01001101110001
01000101010100
01010011101000
01011000100110
00110101010010
00111000011001
01010011001011
00100100000101
01100000000010
00101100100011
01010011001000
01110111100101
00011011110011
10001101011100
00111101001010
01101010001011
01000000011010
01000001011101
10011110000110
00000101100111
01110100010010
00100111000010
01110101010001
00100000001110
00100111000001
01001000100001
01000011111010
10010110111110
00111010110000
00111010110001
01000111001101
01101101110100
01001111101001
01011001100100
10001000011110
01100011101001
01010111011111
00011011011101
01000111001110
00111000010100
01011100000011
01010001010011
00100010000100
01100010101000
01101110110110
00110010011011
01000110000101
01001000111111
10011111000110
00001000011101
00110110001101
00111011111011
00110010011000
01100101011101
01010010000100
10000101111000
00111111101110
01010110000000
01110010111010
00111110101001
01001011110000
01111101100110
01011010100011
00110001011001
01001111100111
00001101001110
00110000000011
00101000101001
01010000001111
00110001011010
01010001001100
10010111110101
00011001000101
01010111000011
00001001010111
01011011111100
10001110001100
01100010100110
01111110100000
01001110110001
00000011011101
01110101110111
00000100000010
01111011101011
00110011001110
00001110110111
01100111100011
00101101010100
01001111000010
00100100110001
01011010010110
01001001010010
01110101110100
01001011101100
01011101101011
00111011101100
00001011111101
01000100011011
01100111100000
00101010010110
00010010001110
01100101011001
00000011101000
00000000101101
01101101010000
01001110110011
01110100001010
01110011000111
00110000011111
01000111001001
10011100110110
00101000000000
10011101111011
01100001110001
01010111101011
01101001111101
01000011100010
01011101100111
01110110101100
01011110001100
01000000101011
01011001110010
10010010011000
00100101000100
00010001100011
01101110001010
01100111010000
01011000000001
00000110011011
00111110011110
00110011001111
00001011010000
01101111101101
00000100101001
01001100111010
01110001001101
00001001100110
01010101101100
01001011000101
00101100100110
01010010101101
01011011011001
00111011001001
00111100111001
01101101001111
01001011000111
00100000110110
00101100100100
00101111010010
01111111010110
01000101100001
01110110110010
10000111000010
01100011010100
01100011010101
01101010111000
01000101111111
00101111010011
10000010101100
01001101110111
01100001000011
01100110001111
01010100101101
01001010001010
01101111000101
10010111001101
10000000001100
01010001110101
00110101100001
01001100110110
10000111011110
00000010101010
00001011001111
01100111001110
01101000011010
10010110001100
01111001000100
10000110000000
00101110001110
00000100011111
01010001110110
00010001010100
00011000111011
01010110100110
01111101000011
01110100110110
00010010111011
01101101001100
10011110101100
00110000100101
10010000011100
00001110110100
10010001011110
00100001110101
00000010100111
10001111111110
00000101011101
00111011000111
10011110101111
10010000011110
00100101101100
00011001110110
10010111010010
01111000000111
00001100100001
