1111010111010
0111111011110
1011010011100
1010110100100
1011111101010
1010000110000
1100100100000
0010111110000
1011101111110
0010000101110
0111010100000
0101100010100
0110100100100
0101110001110
1000110011110
0101011101100
0010110001000
1011011000000
1001000101100
1110011001110
1110001111100
1100101011010
1000011101010
0000101011100
1101101101110
1110111010100
0100100101010
0111100111000
0000000010000
1100111100100
1101111011000
0001101001010
0001110110000
0111101000000
0010001000100
0001000111100
0001011011010
1011100011010
0000010110100
1100000001000
