1000011000
0110000111
0001110111
0110011010
1000000101
0011110110
0111110010
0111111100
1011110001
0011010100
1111100110
1100101111
0001101111
1100011011
1001010110
0101100100
0010000101
0001001001
1101111010
0000010001
1100000110
0100011111
1110101000
1011101011
0010000110
1000101101
0011000000
1111100001
1110111011
0101111001
0010011001
1001001101
1001001100
0100010010
0110011100
1111100011
0110010011
0001010001
0100011100
1011101001
1110100001
0111101010
1100010100
0000110110
0011011010
0110110111
0011000110
1100001100
1000001011
1111111001
1000010111
1011101110
0010111110
0101100011
0000000011
0000101111
1010110001
0001011110
1101101000
0110010110
0011011111
1101110101
1010101011
0010001111
0000001110
1100010001
1001011000
0001000111
1011111010
1100001001
1001000000
0010001001
1001011011
0111100110
0110001101
0001111101
0000010111
1000111101
1000111110
0001011010
1111110000
1010100100
0000001010
0111100101
0100000000
0001001100
1110111100
0101110000
0000010100
1111101010
0011001011
1011100100
0001100111
