1101011110
0110000111
0001110111
0011110110
0111110010
0111111100
1011110001
1010000111
1111100110
1100101111
0001101111
1001010110
1101011101
0101100100
1101111010
0100011111
1110101000
1011101011
1000101101
1111100001
1110111011
0101111001
1001001101
1111100011
1101000111
1011101001
1110100001
0111101010
1010011110
0000110110
0110110111
1111001111
0111011101
1111111001
1000010111
1011101110
1010011101
0101010110
0010111110
0101100011
0000101111
1010110001
0001011110
1101101000
0110010110
0011011111
1101110101
1010101011
0010001111
0001000111
1111010111
1011111010
0111100110
0110001101
0001111101
0000010111
1000111101
1000111110
1111110000
1010100100
0111100101
1110111100
0101110000
1111101010
1011100100
0001100111
