1000100110
1011010001
0011101001
1101011110
0001101000
1000011000
0110000111
0001110111
0110011010
1000000101
0011110110
0101001011
1110000010
0011010100
1010000111
1111100110
0010111000
1100101111
0001101111
1100011011
1001010110
1101011101
1011011100
1000100000
1101010011
0010000101
0001001001
1010011010
0100111001
1110110110
0111001000
0000010001
1110001110
0101111110
1100000110
1000111000
0100011111
0010000110
1010101101
1000101101
1111011011
1010010010
0011000000
0010100000
0100110100
0011110011
1111100001
0101001110
1110001001
0010011001
1001001101
1001001100
0100010010
0110011100
1111100011
0110010011
0001010001
0100011100
1101000111
1010010001
1110010101
0101010101
1100010100
1100100100
1010011110
0000110110
0011011010
0110110111
0011000110
0011110000
0101001001
1100001100
1010110111
1001111001
1000001011
1111001111
1101000001
0111011101
1111111001
1000010111
1010011101
0111010010
0101010110
0010111110
0000000011
0110101011
0010110101
0100101010
0000101111
0110110000
0101000000
0111000001
1010001000
1100110011
0001011110
0110010110
0011011111
1001100011
0100101001
0101011010
0010001111
1110010000
0000001110
1100010001
1001011000
0001000111
1111010111
0010100011
1100001001
1001000000
1011000101
1100110000
1101110110
0111011000
1110100111
0010001001
1001011011
0011101100
0001100010
0110001101
0001111101
1101001010
0000010111
1000111101
1001110100
1000111110
0001011010
1111110000
0000001010
0110101100
0100000000
0110100010
0001001100
0000101100
1011111111
1101101101
0000010100
1011000010
0111111111
1000110010
0000100001
1111101010
1111000100
0011001011
0100100101
0000111011
1001101010
0001100111
