0011101001
1101011110
0110000111
0001110111
0110011010
0011110110
0101001011
0111110010
0111111100
1011110001
1010000111
1111100110
1100101111
0001101111
1100011011
1001010110
1101011101
1101010011
0101100100
0001001001
1101111010
1010011010
0100111001
1110110110
0101111110
0100011111
1110101000
1011101011
1010101101
1000101101
1111011011
1010010010
0011110011
1111100001
1110111011
0101111001
1110001001
0010011001
1001001101
0100010010
1111100011
0110010011
1101000111
1011101001
1110100001
0111101010
1010011110
0000110110
0011011010
0110110111
0101001001
1010110111
1001111001
1000001011
1111001111
0111011101
1111111001
1000010111
1011101110
1010011101
0111010010
0101010110
0010111110
0101100011
0000000011
0110101011
0000101111
1010110001
1100110011
0001011110
1101101000
0110010110
0011011111
1001100011
0100101001
1101110101
0101011010
1010101011
0010001111
0001000111
1111010111
1011111010
0010100011
1100001001
1101110110
1110100111
0010001001
1001011011
0111100110
0110001101
0001111101
0000010111
1000111101
1000111110
0001011010
1111110000
1010100100
0111100101
1011111111
1101101101
1110111100
0101110000
0111111111
1000110010
1111101010
0011001011
1011100100
0000111011
0001100111
