1000100110
0011101001
1101011110
0001101000
1000011000
0110000111
0001110111
0110011010
1000000101
0011110110
0111110010
0111111100
1011110001
0011010100
1010000111
1111100110
0010111000
1100101111
0001101111
1100011011
1001010110
1101011101
1011011100
1000100000
0101100100
0010000101
0001001001
1101111010
0100111001
1110110110
0000010001
1110001110
0101111110
1100000110
1000111000
0100011111
1110101000
1011101011
0010000110
1010101101
1000101101
0011000000
0010100000
0100110100
0011110011
1111100001
1110111011
0101001110
0101111001
0010011001
1001001101
1001001100
0100010010
0110011100
1111100011
0110010011
0001010001
0100011100
1101000111
1011101001
1110100001
1110010101
0111101010
0101010101
1100010100
1100100100
1010011110
0000110110
0011011010
0110110111
0011000110
0011110000
1100001100
1010110111
1001111001
1000001011
1111001111
0111011101
1111111001
1000010111
1011101110
1010011101
0101010110
0010111110
0101100011
0000000011
0110101011
0010110101
0100101010
0000101111
0110110000
1010110001
1100110011
0001011110
1101101000
0110010110
0011011111
1001100011
0100101001
1101110101
1010101011
0010001111
0000001110
1100010001
1001011000
0001000111
1111010111
1011111010
0010100011
1100001001
1001000000
1011000101
1100110000
1101110110
1110100111
0010001001
1001011011
0111100110
0011101100
0001100010
0110001101
0001111101
0000010111
1000111101
1001110100
1000111110
0001011010
1111110000
1010100100
0000001010
0110101100
0111100101
0100000000
0110100010
0001001100
0000101100
1011111111
1101101101
1110111100
0101110000
0000010100
0111111111
1000110010
0000100001
1111101010
1111000100
0011001011
0100100101
1011100100
0000111011
1001101010
0001100111
