011010111
110100001
101011100
101010011
011101000
100011010
100011011
011010100
101011111
111100101
000111000
100000111
101000101
011101010
111111101
100011000
011010011
000100001
011011101
101011001
000001001
111100111
000111011
100001110
100001111
010000110
101000110
110111001
011101100
011100011
111001001
110101111
010010001
111111011
010010000
110010101
000100000
011010001
101011010
010010010
110101101
111100000
100000010
100001100
000001010
101000000
101000001
011101111
110100010
111001111
010011100
010101001
010101000
101100011
000000011
101100010
110110011
101001101
111000011
111110101
010010101
111001101
100101010
111011011
101100001
100001001
000001110
111000000
010010111
010010110
110010010
110011111
100101111
110100101
101101001
101101000
000000110
000110001
110000100
110000101
110110111
101001000
111110001
101111011
110011001
111011111
101101111
000000000
101101110
110000111
000110010
110000110
110110000
101001011
000011000
100101000
000011001
100100001
010111000
110000000
011001001
011110000
101111110
010100100
001010000
100101101
100100011
111010001
000000101
100111010
011001110
010111010
010111011
110000011
010001011
011110110
011110111
000010011
000010010
111010111
100100101
100111001
011110101
101110001
101110000
100100110
101100100
011001011
011001010
100111111
101110010
101111101
101111100
011011000
111101101
010001101
010110110
100111101
100111100
010001100
010000011
011000110
100110010
110101011
100010000
100010001
010101110
101010101
011011110
011100001
010000001
010110001
011000101
011111001
011100000
101110111
101110110
100010110
010100010
010011011
010011010
101010110
010110011
010111101
100000100
010001000
011111111
000101011
101010000
011100101
011110010
010111111
100110101
100110100
111101011
010001111
011000000
011111100
100010011
100011101
010100111
011011010
