011010111
110100001
101011100
101010011
000111110
111111110
100011010
100011011
101011111
111001010
001001010
111100101
000111000
101000101
001111100
111111101
000100110
100011000
011010011
011011101
111111010
101011001
111100110
000001001
111100111
100001110
100001111
001000010
001001100
101000110
110111001
011100011
111001001
110101111
010010001
111111011
110010101
000100000
011010001
101011010
110101101
100001100
000001010
101000001
011101111
111001110
111001111
110101100
111111000
010101001
000101100
001011000
001100110
101100011
000000011
101100010
000110100
110110011
101001101
111000011
111000010
111110100
111110101
111001100
010010101
111001101
100101010
110011100
111011011
101100001
110111110
100001001
000001110
010010111
110011110
110011111
100101111
110100100
110100101
101101001
101101000
000000110
110110111
101001000
001110100
111110001
101111011
110011000
110011001
001011110
111011111
101101111
000000000
101101110
001000100
000110010
111000100
101001011
000011000
100101000
111110110
001010110
111010010
100100001
111011100
011001001
001101000
101111110
110011010
001010000
100101101
100100011
111010001
000000101
100111010
010111011
110110100
011110111
001101110
000010010
000011100
111010111
100100101
110001111
100111001
011110101
001100010
101110001
100100110
111010100
101100100
011001011
110001000
100111111
101110010
101111101
101111100
001111010
111101101
110001010
100111101
100111100
111100010
000010100
110101011
100010001
101010101
011100001
010110001
011000101
011111001
110101000
101110111
101110110
100010110
010011011
101010110
010110011
010111101
011111111
011100101
010111111
100110101
100110100
111101011
111101010
100010011
100011101
010100111
