101010011
000111110
011101000
001110001
100011011
000100111
011010100
101011111
001001010
111100101
000111000
100000111
101000101
001110011
001111100
011101010
111111101
000100110
000100001
101011001
000001001
111100111
000111011
001000010
010000110
001001100
001111111
110111001
011101100
111001001
110101111
111111011
010010000
110010101
000100000
000101101
010010010
110101101
111100000
100000010
000001010
001001111
001111001
101000000
101000001
110100010
111001111
010011100
000101100
010101000
001011000
001100110
101100011
000000011
000110101
000110100
001000111
101001101
111000011
111110101
111001101
001011011
001100101
111011011
101100001
000110111
001000001
000001110
111000000
010010110
110010010
110011111
001011101
100101111
110100101
101101001
000000110
000110001
110000100
110000101
110110111
001110100
111110001
101111011
110011001
001011110
111011111
101101111
000000000
110000111
001000100
000110010
110000110
110110000
101001011
000011000
000011001
001010110
001010111
010111000
110000000
011110000
001101000
000011111
010100100
001010000
100101101
111010001
000000101
011001110
010111010
110000011
010001011
011110110
000010011
001101110
000010010
000011100
001101101
111010111
100100101
100111001
001100010
101110001
101110000
011001010
100111111
101111101
011011000
001111010
111101101
010001101
010110110
100111101
010001100
010000011
011000110
100110010
000010100
110101011
000010101
100010000
010101110
101010101
011011110
010000001
011100000
101110111
010100010
010011010
100000100
010001000
000101011
101010000
011110010
100110101
111101011
010001111
011000000
011111100
001101011
100011101
011011010
