011010110
111010011
011100111
000000011
110001010
001000110
011101001
111001101
010011111
111111110
010101111
110011010
000100111
001011011
100101101
101011110
111101111
010111011
000111001
110001101
101000101
000001110
101101010
101001110
011110111
111111101
101110111
001101101
011111110
000001001
010111101
111000111
111000110
101001000
010010001
111111011
000101010
110011001
110000111
100111111
100111110
001101011
000010111
110100011
100011101
010100110
