011010110
111010011
011100111
110110010
000000011
000110100
110001010
010001100
001000110
011101001
111001101
101110100
111111110
110011010
000100111
001011011
101011110
111101111
000111001
110001101
101000101
000001110
101101010
001110010
011110111
111111101
101110111
001011100
001101101
011111110
000001001
010110010
010111100
111000111
111000110
101001000
111110001
010010001
111111011
000101010
110011001
110000111
001111000
001101011
000010111
110100011
010100110
