011010110
011011000
011100111
110110010
000000011
000110100
100000000
010001100
001001000
001000110
011101001
010011111
010101111
000100111
001011011
011010101
010111011
000111001
100110001
101000101
000001110
001110010
011110111
001011100
001101101
011111110
000001001
011000010
010110010
010111100
010111101
101001000
000010000
010010001
000101010
010100000
001010101
001100001
101010000
011100100
011001011
010000101
110000111
001111000
001101011
000010111
110100011
010100110
100010010
