011010110
011011000
111010011
110110010
000000011
000110100
110001010
010001100
001000110
111001101
111111110
110011010
000100111
001011011
111101111
111100100
000111001
110001101
101000101
000001110
001110010
111111101
001011100
001101101
011111110
000001001
010110010
010111100
111101000
111000111
111000110
101001000
111110001
010010001
111111011
000101010
110011001
001010101
001100001
101010000
011100100
110000111
001111000
001101011
000010111
110100011
010100110
